Time,right_TA,right_RF,right_VM,right_MG,left_TA,left_RF,left_VM,left_MG,mark,Filtered_right_TA,Filtered_right_RF,Filtered_right_VM,Filtered_right_MG,Filtered_left_TA,Filtered_left_RF,Filtered_left_VM,Filtered_left_MG,Smoothed_Filtered_right_TA,Smoothed_Filtered_right_RF,Smoothed_Filtered_right_VM,Smoothed_Filtered_right_MG,Smoothed_Filtered_left_TA,Smoothed_Filtered_left_RF,Smoothed_Filtered_left_VM,Smoothed_Filtered_left_MG
7.0,0.00324553,0.00487423,0.73092,-0.708428,-0.0245306,0.0939999,-0.0781737,0.147491,F2,-0.000415282117298,0.0452725352440231,0.075143430180876,-0.2120337098472285,-0.1098844327216331,-0.0101503919080865,0.0826678125099725,0.0409513479643753,-0.000415282117298,0.0452725352440231,0.075143430180876,-0.2120337098472285,-0.1098844327216331,-0.0101503919080865,0.0826678125099725,0.0409513479643753
7.001,-0.0584547,0.00796822,0.741033,-0.607501,-0.0971654,0.106223,-0.0962969,0.130699,0,-0.062385440390216,0.0370271892415134,0.0801595010152601,-0.089151067542859,-0.1326439551842517,-0.0003761011952983,0.0713505517168072,0.0563935418424657,-0.062385440390216,0.0370271892415134,0.0801595010152601,-0.089151067542859,-0.1326439551842517,-0.0003761011952983,0.0713505517168072,0.0563935418424657
7.002,-0.121647,0.00950358,0.732535,-0.509987,-0.187044,0.121915,-0.0932706,0.114601,0,-0.1232400981259423,0.0276983926848376,0.0641095327034294,0.0029239792900984,-0.1794124699427529,0.0128163946748884,0.0740636865389845,0.0632822627206043,-0.1232400981259423,0.0276983926848376,0.0641095327034294,0.0029239792900984,-0.1794124699427529,0.0128163946748884,0.0740636865389845,0.0632822627206043
7.003,-0.139492,0.00614273,0.716412,-0.678974,-0.223702,0.133335,-0.0720141,0.101292,0,-0.1383785870529119,0.013285778275504,0.0396399844406814,-0.1500591570557954,-0.1821485619778368,0.024698276778298,0.085933168933746,0.0601469037749547,-0.1383785870529119,0.013285778275504,0.0396399844406814,-0.1500591570557954,-0.1821485619778368,0.024698276778298,0.085933168933746,0.0601469037749547
7.004,-0.0989345,0.00355503,0.697948,-0.581418,-0.221976,0.137397,-0.0550445,0.0868792,0,-0.0938744322363721,0.0006518440458758,0.012273574246407,-0.0605160365480557,-0.1552829057087826,0.0309324043377136,0.0861013854220025,0.0468600135120803,-0.0938744322363721,0.0006518440458758,0.012273574246407,-0.0605160365480557,-0.1552829057087826,0.0309324043377136,0.0861013854220025,0.0468600135120803
7.005,-0.0430924,0.00165843,0.685971,-0.441918,-0.232534,0.137879,-0.0341005,0.0765269,0,-0.03429211916324,-0.0113796178513732,-0.0070569161294994,0.0939037620154428,-0.1482072968219655,0.036416229408017,0.0852551723884828,0.0281162874284453,-0.03429211916324,-0.0113796178513732,-0.0070569161294994,0.0939037620154428,-0.1482072968219655,0.036416229408017,0.0852551723884828,0.0281162874284453
7.006,-0.0128065,0.00109056,0.688029,-0.416151,-0.237989,0.138065,-0.0113144,0.0668571,0,-0.0002510715908874,-0.0208010188497366,-0.0107674772014902,0.1166382045820211,-0.1427668896953023,0.0441157978283924,0.0824110855206696,0.0055959678939011,-0.0002510715908874,-0.0208010188497366,-0.0107674772014902,0.1166382045820211,-0.1427668896953023,0.0441157978283924,0.0824110855206696,0.0055959678939011
7.007,-0.00196816,0.00450961,0.696333,-0.460861,-0.238284,0.137953,-0.00838328,0.056378,0,0.0131611114268665,-0.026457908419299,-0.0045585671876089,0.0860194211734004,-0.1344412259130496,0.0529069148143167,0.0613366800166991,-0.0199878445887661,0.0131611114268665,-0.026457908419299,-0.0045585671876089,0.0860194211734004,-0.1344412259130496,0.0529069148143167,0.0613366800166991,-0.0199878445887661
7.008,0.0154036,0.00708735,0.710485,-0.535311,-0.231994,0.130458,-0.0190346,0.0501848,0,0.0324155140376818,-0.0316689605247395,0.0103495867096186,0.0150099869118557,-0.1217950080576671,0.0564807490354471,0.0278609056441755,-0.0393267641199902,0.0324155140376818,-0.0316689605247395,0.0103495867096186,0.0150099869118557,-0.1217950080576671,0.0564807490354471,0.0278609056441755,-0.0393267641199902
7.009,0.0283333,0.0152973,0.725838,-0.577908,-0.216534,0.117336,-0.0441186,0.0483834,0,0.0453360488010603,-0.0317753987048486,0.0309041136395957,-0.0193713333437991,-0.0960062753894682,0.0536340954651875,-0.0125778431041239,-0.0489929977726437,0.0453360488010603,-0.0317753987048486,0.0309041136395957,-0.0193713333437991,-0.0960062753894682,0.0536340954651875,-0.0125778431041239,-0.0489929977726437
7.01,0.00330788,0.0183692,0.734824,-0.584723,-0.192593,0.104401,-0.0842372,0.0517353,0,0.0196451933960924,-0.0358948606164056,0.0477311501689482,-0.021239962124852,-0.0600534810655261,0.0520669110424519,-0.0634855003866846,-0.0468703667495125,0.0196451933960924,-0.0358948606164056,0.0477311501689482,-0.021239962124852,-0.0600534810655261,0.0520669110424519,-0.0634855003866846,-0.0468703667495125
7.011,-0.00602306,0.00707169,0.735931,-0.539222,-0.18564,0.0952492,-0.0937098,0.0558918,0,0.0077530559158994,-0.0552202021046905,0.0601608784105313,0.0188273544065161,-0.0327972551623449,0.0515493063542839,-0.0740923393889031,-0.0345953188293733,0.0077530559158994,-0.0552202021046905,0.0601608784105313,0.0188273544065161,-0.0327972551623449,0.0515493063542839,-0.0740923393889031,-0.0345953188293733
7.012,0.0350936,-0.0136743,0.731465,-0.536726,-0.198346,0.07736,-0.0476128,0.0606395,0,0.0463439934355696,-0.0830294294452539,0.0682024300365362,0.0196339696050378,-0.0227838107501281,0.0423281691477442,-0.0247815733095243,-0.0147396258206038,0.0463439934355696,-0.0830294294452539,0.0682024300365362,0.0196339696050378,-0.0227838107501281,0.0423281691477442,-0.0247815733095243,-0.0147396258206038
7.013,0.0612182,-0.0289131,0.712829,-0.476203,-0.212293,0.0655324,-0.0213164,0.0657877,0,0.0687309048226526,-0.1062919025801917,0.0633998065687819,0.0549685116398133,-0.005142429572555,0.0356505822449845,0.0119847040685212,0.01363883527948,0.0687309048226526,-0.1062919025801917,0.0633998065687819,0.0549685116398133,-0.005142429572555,0.0356505822449845,0.0119847040685212,0.01363883527948
7.014,0.0387579,-0.0229622,0.691876,-0.490752,-0.205216,0.0689258,-0.0158415,0.0732926,0,0.0435605434593989,-0.1073956863432112,0.0557049304289721,0.0255687285924745,0.0325160384777827,0.0437954304911089,0.0286661155658024,0.0472485323246988,0.0435605434593989,-0.1073956863432112,0.0557049304289721,0.0255687285924745,0.0325160384777827,0.0437954304911089,0.0286661155658024,0.0472485323246988
7.015,0.0178367,0.00545649,0.673169,-0.502399,-0.202042,0.0712107,-0.00496094,0.0741894,0,0.0195970890063082,-0.086805201497056,0.0493789551230534,-0.0316318143292759,0.0722386095806809,0.0480496658503613,0.0524743561366224,0.0768577099989982,0.0195970890063082,-0.086805201497056,0.0493789551230534,-0.0316318143292759,0.0722386095806809,0.0480496658503613,0.0524743561366224,0.0768577099989982
7.016,0.0047958,0.0395306,0.655664,-0.357537,-0.200833,0.0583252,0.00553323,0.0686035,0,0.0053323308393582,-0.059343445893895,0.0427304417326859,0.0839659145445512,0.1027791836274815,0.0370702643323852,0.0718043108325786,0.0966601445379323,0.0053323308393582,-0.059343445893895,0.0427304417326859,0.0839659145445512,0.1027791836274815,0.0370702643323852,0.0718043108325786,0.0966601445379323
7.017,-0.0119707,0.0831353,0.644123,-0.199401,-0.200616,0.0367085,0.0113589,0.0602431,0,-0.0125783317632329,-0.0226618349334853,0.0400293899152164,0.1823703136672315,0.1340036931096921,0.0164451737208023,0.0825374713014864,0.1097044402757209,-0.0125783317632329,-0.0226618349334853,0.0400293899152164,0.1823703136672315,0.1340036931096921,0.0164451737208023,0.0825374713014864,0.1097044402757209
7.018,-0.0154982,0.127471,0.630552,-0.136683,-0.193452,0.0049024,0.00390574,0.0509125,0,-0.0151566312186733,0.0163724701445295,0.0343053666836723,0.2060929144428522,0.1589367589251672,-0.0137189918920096,0.0727896240944937,0.1137749186028722,-0.0151566312186733,0.0163724701445295,0.0343053666836723,0.2060929144428522,0.1589367589251672,-0.0137189918920096,0.0727896240944937,0.1137749186028722
7.019,0.0129626,0.163515,0.617293,-0.168011,-0.232786,-0.0226548,-0.000749795,0.038635,0,0.0138284421650658,0.047335617769007,0.0272719005000573,0.1117698388279733,0.1360448518179801,-0.0384975519978849,0.059076999291107,0.1068933625053251,0.0138284421650658,0.047335617769007,0.0272719005000573,0.1117698388279733,0.1360448518179801,-0.0384975519978849,0.059076999291107,0.1068933625053251
7.02,0.0467743,0.192767,0.599986,-0.331042,-0.289863,-0.0307276,0.00414226,0.0217363,0,0.0500193394577609,0.0734997100199272,0.0170550281042898,-0.092169860136434,0.0794227447670958,-0.0426753051275588,0.048315692227062,0.0870541541269025,0.0500193394577609,0.0734997100199272,0.0170550281042898,-0.092169860136434,0.0794227447670958,-0.0426753051275588,0.048315692227062,0.0870541541269025
7.021,0.0685976,0.212318,0.578452,-0.305621,-0.280926,-0.0254804,-0.0146582,0.00377785,0,0.0723839195773478,0.0905164045809803,0.0025246329731545,-0.1220423583124665,0.0874916157780557,-0.0311764025568145,0.0083340116093364,0.0588099936402287,0.0723839195773478,0.0905164045809803,0.0025246329731545,-0.1220423583124665,0.0874916157780557,-0.0311764025568145,0.0083340116093364,0.0588099936402287
7.022,0.0784624,0.216905,0.561083,-0.083922,-0.205231,-0.0201351,-0.0388199,-0.0079062,0,0.0841864198196275,0.0947081108833536,-0.0046866008188793,0.0634139787553238,0.1485128433331272,-0.0187024328667206,-0.0393395302781874,0.0329777467552294,0.0841864198196275,0.0947081108833536,-0.0046866008188793,0.0634139787553238,0.1485128433331272,-0.0187024328667206,-0.0393395302781874,0.0329777467552294
7.023,0.0665796,0.211329,0.54728,0.0499679,-0.169012,-0.0225444,-0.0461177,-0.0219256,0,0.0705655483720188,0.0892429368292765,-0.0067447846504228,0.156217945481047,0.1715426164278938,-0.0118405328679311,-0.0714287070113068,0.0022971774492323,0.0705655483720188,0.0892429368292765,-0.0067447846504228,0.156217945481047,0.1715426164278938,-0.0118405328679311,-0.0714287070113068,0.0022971774492323
7.024,0.0402964,0.197694,0.526579,-0.0601591,-0.169949,-0.0202775,-0.0586389,-0.0400067,0,0.0436673059114899,0.0776986683575918,-0.0109718237548216,0.0165714443538204,0.1501178735473451,-0.0003822523842367,-0.1052250352968541,-0.0292304592077109,0.0436673059114899,0.0776986683575918,-0.0109718237548216,0.0165714443538204,0.1501178735473451,-0.0003822523842367,-0.1052250352968541,-0.0292304592077109
7.025,0.0181152,0.180008,0.50349,-0.167711,-0.168175,-0.0154173,-0.0663127,-0.0536778,0,0.0157105543641647,0.0621835915581749,-0.0152246673857085,-0.1182702649728019,0.1363687217385206,0.0142503359891949,-0.1308871445257775,-0.0526295616970971,0.0157105543641647,0.0621835915581749,-0.0152246673857085,-0.1182702649728019,0.1363687217385206,0.0142503359891949,-0.1308871445257775,-0.0526295616970971
7.026,0.0117,0.156806,0.479088,-0.111209,-0.210833,-0.0154499,-0.0605067,-0.0641748,0,0.0048463070740688,0.0427459926743971,-0.0159943379413109,-0.0879494061073771,0.0791119533185902,0.0227294364595096,-0.1350526274558306,-0.0636716721612267,0.0048463070740688,0.0427459926743971,-0.0159943379413109,-0.0879494061073771,0.0791119533185902,0.0227294364595096,-0.1350526274558306,-0.0636716721612267
7.027,0.0189222,0.131131,0.458569,0.0408739,-0.340983,-0.0225328,-0.0452348,-0.0697532,0,0.0020328849339208,0.0203006595046301,-0.0111499728397105,0.0442142343101537,-0.0592925644047467,0.0225537575221487,-0.1243939648590067,-0.0619005593419988,0.0020328849339208,0.0203006595046301,-0.0111499728397105,0.0442142343101537,-0.0592925644047467,0.0225537575221487,-0.1243939648590067,-0.0619005593419988
7.028,0.00381975,0.107757,0.437876,0.135147,-0.462438,-0.0271255,-0.0332525,-0.0817032,0,-0.0211241385705717,0.001325648104066,-0.0031400916002469,0.1093834058290291,-0.1813895556648665,0.0229359999966777,-0.1080110720061203,-0.0556752694703339,-0.0211241385705717,0.001325648104066,-0.0031400916002469,0.1093834058290291,-0.1813895556648665,0.0229359999966777,-0.1080110720061203,-0.0556752694703339
7.029,-0.00771932,0.0922028,0.418481,0.0760385,-0.523534,-0.0323635,-0.024898,-0.091982,0,-0.04543161945422,-0.0108906772370999,0.0061496014229339,0.0294147786086485,-0.239247129709286,0.0192196707978013,-0.0916826025747836,-0.0399892152184275,-0.04543161945422,-0.0108906772370999,0.0061496014229339,0.0294147786086485,-0.239247129709286,0.0192196707978013,-0.0916826025747836,-0.0399892152184275
7.03,0.00729792,0.0799483,0.396683,-0.0162341,-0.521345,-0.0544025,-0.0204336,-0.102172,0,-0.0404788337228319,-0.0189012235869303,0.014149210285541,-0.099858250814272,-0.2233936519219297,-0.0028382352407067,-0.0729506419680706,-0.0170521386323089,-0.0404788337228319,-0.0189012235869303,0.014149210285541,-0.099858250814272,-0.2233936519219297,-0.0028382352407067,-0.0729506419680706,-0.0170521386323089
7.031,0.0542755,0.0734501,0.375696,-0.050527,-0.534671,-0.0772545,0.000493195,-0.113635,0,-0.0064642988244513,-0.0224298213557472,0.0209702888682792,-0.1615329157992406,-0.2250070996281751,-0.0299632033643378,-0.038998538568031,0.0082147533887711,-0.0064642988244513,-0.0224298213557472,0.0209702888682792,-0.1615329157992406,-0.2250070996281751,-0.0299632033643378,-0.038998538568031,0.0082147533887711
7.032,0.0468875,0.0662748,0.35687,0.051204,-0.554752,-0.0949226,0.0347246,-0.126112,0,-0.0238188118948745,-0.0257377771357656,0.0291717332820185,-0.1049233211039073,-0.2244865248267926,-0.0519644750142095,0.0099377121700009,0.0324704091217922,-0.0238188118948745,-0.0257377771357656,0.0291717332820185,-0.1049233211039073,-0.2244865248267926,-0.0519644750142095,0.0099377121700009,0.0324704091217922
7.033,-0.000205004,0.0606798,0.337101,0.126154,-0.496036,-0.0959025,0.0659528,-0.139367,0,-0.0818066078487392,-0.028588822488699,0.0332501306730464,-0.0635397042111518,-0.1538101908271661,-0.0611502803799516,0.0493299524151051,0.0537467762157992,-0.0818066078487392,-0.028588822488699,0.0332501306730464,-0.0635397042111518,-0.1538101908271661,-0.0611502803799516,0.0493299524151051,0.0537467762157992
7.034,-0.0265496,0.0585979,0.314437,0.161773,-0.427203,-0.0789274,0.0851023,-0.153184,0,-0.1165508033849239,-0.0268459835241536,0.0329514495948356,-0.0755594371006896,-0.0686267857576723,-0.0504341794732728,0.0746128220913904,0.0674548974549804,-0.1165508033849239,-0.0268459835241536,0.0329514495948356,-0.0755594371006896,-0.0686267857576723,-0.0504341794732728,0.0746128220913904,0.0674548974549804
7.035,-0.0213194,0.0574135,0.292894,0.176635,-0.328191,-0.0657379,0.10429,-0.173747,0,-0.1193569470592431,-0.0249552810073455,0.0307477617982399,-0.0943453316115932,0.0339492199845778,-0.0462528753461357,0.0904323740323545,0.0681067721706655,-0.1193569470592431,-0.0249552810073455,0.0307477617982399,-0.0943453316115932,0.0339492199845778,-0.0462528753461357,0.0904323740323545,0.0681067721706655
7.036,0.0238308,0.0612415,0.271674,0.225881,-0.247183,-0.0792917,0.122613,-0.196398,0,-0.0809531522720101,-0.016774876528819,0.0280385234609168,-0.0861993143434096,0.1179153269749402,-0.0652553597979167,0.102719042637574,0.0563485686570041,-0.0809531522720101,-0.016774876528819,0.0280385234609168,-0.0861993143434096,0.1179153269749402,-0.0652553597979167,0.102719042637574,0.0563485686570041
7.037,0.0540941,0.0735826,0.250096,0.309951,-0.182339,-0.0831536,0.159845,-0.222766,0,-0.0568654705316723,-0.0004902203175505,0.0232790231671937,-0.027455551227938,0.1737923845447556,-0.0761809017096115,0.1253444556156006,0.0344403407751045,-0.0568654705316723,-0.0004902203175505,0.0232790231671937,-0.027455551227938,0.1737923845447556,-0.0761809017096115,0.1253444556156006,0.0344403407751045
7.038,0.0606237,0.0803718,0.22687,0.391345,-0.165964,-0.0757785,0.196001,-0.246422,0,-0.0566298214045403,0.0115402588563478,0.0174602273196225,0.0275422007235903,0.1773042724689148,-0.0719231218834281,0.1470070411290613,0.0068617031900544,-0.0566298214045403,0.0115402588563478,0.0174602273196225,0.0275422007235903,0.1773042724689148,-0.0719231218834281,0.1470070411290613,0.0068617031900544
7.039,0.0976389,0.0858311,0.203739,0.466092,-0.146832,-0.0708086,0.174897,-0.271759,0,-0.0261034013977434,0.0218986604430982,0.0117750262594825,0.0913357857382494,0.1776796832682965,-0.0710850257268697,0.1071206736596138,-0.0249778325849002,-0.0261034013977434,0.0218986604430982,0.0117750262594825,0.0913357857382494,0.1776796832682965,-0.0710850257268697,0.1071206736596138,-0.0249778325849002
7.04,0.146404,0.0900654,0.177958,0.589606,-0.0999617,-0.0643928,0.0642071,-0.289078,0,0.0151242612659685,0.0320810161612523,0.005213432440877,0.2064116664241085,0.2012530427741395,-0.065976957096665,-0.0177304775163866,-0.0512091399627836,0.0151242612659685,0.0320810161612523,0.005213432440877,0.2064116664241085,0.2012530427741395,-0.065976957096665,-0.0177304775163866,-0.0512091399627836
7.041,0.163021,0.0960081,0.154987,0.792172,-0.0728085,-0.0511014,-0.0469176,-0.305674,0,0.0228602726439629,0.0433178731101191,0.0026682210526273,0.4126726431770836,0.2081183283501909,-0.054993910433086,-0.1420059745166535,-0.0737731712848414,0.0228602726439629,0.0433178731101191,0.0026682210526273,0.4126726431770836,0.2081183283501909,-0.054993910433086,-0.1420059745166535,-0.0737731712848414
7.042,0.166625,0.103336,0.131716,0.770394,-0.0232001,-0.0326952,-0.111382,-0.31862,0,0.0166510750641977,0.0565423734671467,0.0017154218311241,0.397196226472693,0.2342705638467649,-0.0383067869486048,-0.2115221076029229,-0.0884127212547825,0.0166510750641977,0.0565423734671467,0.0017154218311241,0.397196226472693,0.2342705638467649,-0.0383067869486048,-0.2115221076029229,-0.0884127212547825
7.043,0.166017,0.103964,0.107603,0.470263,-0.0397076,-0.00719871,-0.12654,-0.327548,0,0.0040561773784276,0.0618182194962367,0.0011170679519918,0.1096164376231103,0.2053482386255589,-0.0156697000018524,-0.2271083814569881,-0.0922045602646634,0.0040561773784276,0.0618182194962367,0.0011170679519918,0.1096164376231103,0.2053482386255589,-0.0156697000018524,-0.2271083814569881,-0.0922045602646634
7.044,0.160318,0.0952294,0.0836077,0.379821,-0.156265,0.022062,-0.107542,-0.335005,0,-0.0132728043528038,0.0578915318530707,0.0013729070281008,0.0321632687362369,0.0748578101497452,0.0088804415923837,-0.2002000926592116,-0.0864718546585106,-0.0132728043528038,0.0578915318530707,0.0013729070281008,0.0321632687362369,0.0748578101497452,0.0088804415923837,-0.2002000926592116,-0.0864718546585106
7.045,0.175736,0.0820107,0.061274,0.404847,-0.28502,0.0465119,-0.0663246,-0.333984,0,-0.0117111262616633,0.0475956658319131,0.0033475740653988,0.0697011746052073,-0.0530208000133299,0.0277984404838879,-0.1461320270550962,-0.0656378947870711,-0.0117111262616633,0.0475956658319131,0.0033475740653988,0.0697011746052073,-0.0530208000133299,0.0277984404838879,-0.1461320270550962,-0.0656378947870711
7.046,0.207032,0.069261,0.0369635,0.34837,-0.286364,0.0672987,-0.00700093,-0.333398,0,0.0081555917448726,0.037712103475886,0.0021767608886895,0.0243137659601927,-0.0548113349646699,0.0395394758551154,-0.0691732966822716,-0.0382805885775794,0.0081555917448726,0.037712103475886,0.0021767608886895,0.0243137659601927,-0.0548113349646699,0.0395394758551154,-0.0691732966822716,-0.0382805885775794
7.047,0.26301,0.0591217,0.0103989,0.388552,-0.256486,0.0875623,0.0348282,-0.328878,0,0.0511883003890763,0.0281543547418082,-0.0027919659275314,0.0700039164780645,-0.012337119958489,0.0510678405910286,-0.0074565003657778,-0.0048617493176644,0.0511883003890763,0.0281543547418082,-0.0027919659275314,0.0700039164780645,-0.012337119958489,0.0510678405910286,-0.0074565003657778,-0.0048617493176644
7.048,0.308512,0.0442079,-0.0143803,0.427953,-0.223992,0.110718,0.0661783,-0.326613,0,0.0882313036247633,0.0138999189655517,-0.0088376018893103,0.1140020545914361,0.0295351364488611,0.0617052454143763,0.0426374522043226,0.0279933407334279,0.0882313036247633,0.0138999189655517,-0.0088376018893103,0.1140020545914361,0.0295351364488611,0.0617052454143763,0.0426374522043226,0.0279933407334279
7.049,0.322532,0.0259952,-0.0416953,0.337978,-0.195857,0.151712,0.113008,-0.325538,0,0.0932827162455927,-0.0059235052816544,-0.0201133672591575,0.0212494321227339,0.0741909571650944,0.0922464495795567,0.1068001015086731,0.0552140260008947,0.0932827162455927,-0.0059235052816544,-0.0201133672591575,0.0212494321227339,0.0741909571650944,0.0922464495795567,0.1068001015086731,0.0552140260008947
7.05,0.310616,0.00649705,-0.0674478,0.254101,-0.271573,0.180754,0.17062,-0.328977,0,0.0780701939649548,-0.0265267455657492,-0.0333108737112,-0.0630963124685345,0.008403362912843,0.1081813399676423,0.1749667319468859,0.0731130037015188,0.0780701939649548,-0.0265267455657492,-0.0333108737112,-0.0630963124685345,0.008403362912843,0.1081813399676423,0.1749667319468859,0.0731130037015188
7.051,0.28486,-0.00119886,-0.0902325,0.223601,-0.36449,0.160224,0.206517,-0.334788,0,0.0491948812179824,-0.0371813462296041,-0.0462658954323098,-0.099709465584002,-0.074172025740385,0.0782706037441459,0.2179775676692439,0.078995507563942,0.0491948812179824,-0.0371813462296041,-0.0462658954323098,-0.099709465584002,-0.074172025740385,0.0782706037441459,0.2179775676692439,0.078995507563942
7.052,0.252261,-0.00504481,-0.103195,0.210234,-0.360098,0.134658,0.204203,-0.343231,0,0.0189719151377102,-0.0429748992470138,-0.0521504748213487,-0.1124772208352727,-0.0693694491923694,0.0426209463792146,0.2131475788589881,0.073248880598736,0.0189719151377102,-0.0429748992470138,-0.0521504748213487,-0.1124772208352727,-0.0693694491923694,0.0426209463792146,0.2131475788589881,0.073248880598736
7.053,0.228844,-0.00909128,-0.114677,0.198927,-0.29518,0.102804,0.186643,-0.355213,0,-0.0018581935177887,-0.0501794540966674,-0.0581083472347788,-0.1248282930363958,-0.0074318950225311,0.0050719978051636,0.1908700294459264,0.0533007257045824,-0.0018581935177887,-0.0501794540966674,-0.0581083472347788,-0.1248282930363958,-0.0074318950225311,0.0050719978051636,0.1908700294459264,0.0533007257045824
7.054,0.198581,-0.0196594,-0.129751,0.151877,-0.226062,0.0813623,0.187223,-0.366517,0,-0.0254339390730543,-0.0625849670026099,-0.0687725896832884,-0.1631772729811314,0.0470233942445351,-0.0207934837997404,0.1780064973610286,0.0253583836829428,-0.0254339390730543,-0.0625849670026099,-0.0687725896832884,-0.1631772729811314,0.0470233942445351,-0.0207934837997404,0.1780064973610286,0.0253583836829428
7.055,0.16757,-0.0336344,-0.14425,0.114765,-0.277149,0.0789673,0.208335,-0.375638,0,-0.0500277701990043,-0.0789860293629528,-0.0785722215817582,-0.1891166638464108,-0.0206398666208006,-0.024103443523445,0.1877062719570033,-0.0072780638666269,-0.0500277701990043,-0.0789860293629528,-0.0785722215817582,-0.1891166638464108,-0.0206398666208006,-0.024103443523445,0.1877062719570033,-0.0072780638666269
7.056,0.1595,-0.0454646,-0.148207,0.00360249,-0.381694,0.0844748,0.244063,-0.377751,0,-0.0495202056159527,-0.0920063279579339,-0.0773356296058662,-0.2799039525928413,-0.1531724371705363,-0.0168552068119334,0.2069784098961142,-0.0370501331243908,-0.0495202056159527,-0.0920063279579339,-0.0773356296058662,-0.2799039525928413,-0.1531724371705363,-0.0168552068119334,0.2069784098961142,-0.0370501331243908
7.057,0.164115,-0.0574663,-0.145876,-0.0768924,-0.448396,0.0938795,0.294841,-0.375844,0,-0.0370777237653802,-0.1053572324151101,-0.0678449173635025,-0.3352192118317978,-0.2432717025340479,-0.0044953081809966,0.2484888554358059,-0.0630300073977302,-0.0370777237653802,-0.1053572324151101,-0.0678449173635025,-0.3352192118317978,-0.2432717025340479,-0.0044953081809966,0.2484888554358059,-0.0630300073977302
7.058,0.164681,-0.0680877,-0.165773,-0.0324786,-0.51296,0.0859809,0.319093,-0.370394,0,-0.0281396495203943,-0.1165787213508292,-0.0793946944840026,-0.2610215465265259,-0.3412243978169046,-0.0061883925184817,0.2624936094786756,-0.0834890309495102,-0.0281396495203943,-0.1165787213508292,-0.0793946944840026,-0.2610215465265259,-0.3412243978169046,-0.0061883925184817,0.2624936094786756,-0.0834890309495102
7.059,0.170186,-0.0710408,-0.236523,0.0114869,-0.5275,0.0724198,0.18415,-0.355471,0,-0.0149107345859664,-0.120054972477691,-0.1390271807785193,-0.1825627167849818,-0.3755632166102268,-0.0152485949580805,0.1278064821492757,-0.0886751120205975,-0.0149107345859664,-0.120054972477691,-0.1390271807785193,-0.1825627167849818,-0.3755632166102268,-0.0152485949580805,0.1278064821492757,-0.0886751120205975
7.06,0.17629,-0.0701834,-0.383039,0.0121623,-0.424266,0.0710729,0.00667208,-0.339512,0,-0.0012139942852166,-0.1196771274715002,-0.2738317747197764,-0.1498113359782386,-0.301151020005341,-0.0088134671027661,-0.048453747317701,-0.0865675008894874,-0.0012139942852166,-0.1196771274715002,-0.2738317747197764,-0.1498113359782386,-0.301151020005341,-0.0088134671027661,-0.048453747317701,-0.0865675008894874
7.061,0.172865,-0.0653301,-0.498551,0.0151919,-0.358476,0.0795256,-0.13932,-0.331214,0,0.0032631048665222,-0.1150318755657413,-0.375161257719269,-0.1117674250592597,-0.2427917226852215,0.0033168046562863,-0.1831429774916365,-0.0840760004514804,0.0032631048665222,-0.1150318755657413,-0.375161257719269,-0.1117674250592597,-0.2427917226852215,0.0033168046562863,-0.1831429774916365,-0.0840760004514804
7.062,0.163318,-0.0521059,-0.451622,0.074056,-0.306989,0.0750636,-0.29868,-0.315335,0,0.0018289960246303,-0.1026146536081091,-0.3149496698366505,-0.026886650609419,-0.208655795297555,0.005729080982547,-0.3315481809451238,-0.0676473895336144,0.0018289960246303,-0.1026146536081091,-0.3149496698366505,-0.026886650609419,-0.208655795297555,0.005729080982547,-0.3315481809451238,-0.0676473895336144
7.063,0.152757,-0.0353192,-0.308957,0.0940494,-0.249755,0.0743605,-0.380241,-0.291562,0,0.0012807300454103,-0.0860104410149894,-0.1575105892761263,0.0202426246988796,-0.1439861507773882,0.0068878029843665,-0.3960292228669493,-0.0379470882162819,0.0012807300454103,-0.0860104410149894,-0.1575105892761263,0.0202426246988796,-0.1439861507773882,0.0068878029843665,-0.3960292228669493,-0.0379470882162819
7.064,0.147016,-0.0120622,-0.168583,0.0881331,-0.168861,0.0804149,-0.325219,-0.263242,0,0.0066543266456311,-0.0638754943240512,-0.0046911490091106,0.0290991087937592,-0.0685973660780622,0.0181104390645849,-0.3279712250090392,-0.0013669910718778,0.0066543266456311,-0.0638754943240512,-0.0046911490091106,0.0290991087937592,-0.0685973660780622,0.0181104390645849,-0.3279712250090392,-0.0013669910718778
7.065,0.153917,0.01656,-0.0845161,0.101707,-0.133399,0.0872479,-0.247829,-0.226931,0,0.0281566637875545,-0.035124455529832,0.092338790385018,0.0582182999461951,-0.0160643964348961,0.0260147466235067,-0.2368277483062731,0.0425263583769915,0.0281566637875545,-0.035124455529832,0.092338790385018,0.0582182999461951,-0.0160643964348961,0.0260147466235067,-0.2368277483062731,0.0425263583769915
7.066,0.158827,0.0460053,-0.0489949,0.117746,-0.060831,0.0734072,-0.18365,-0.202407,0,0.049475340768057,-0.0064484864685963,0.1379254341812497,0.0785145104964598,0.0568530632225928,0.0168130858184159,-0.1667753518173028,0.0712353449675876,0.049475340768057,-0.0064484864685963,0.1379254341812497,0.0785145104964598,0.0568530632225928,0.0168130858184159,-0.1667753518173028,0.0712353449675876
7.067,0.147034,0.0680859,-0.0386199,0.119429,0.0671997,0.062381,-0.10372,-0.19529,0,0.0584207543882741,0.0169539764793906,0.1583963437722839,0.0868404174233676,0.2012504647572453,0.0086133513542278,-0.0843260942282955,0.075752672520749,0.0584207543882741,0.0169539764793906,0.1583963437722839,0.0868404174233676,0.2012504647572453,0.0086133513542278,-0.0843260942282955,0.075752672520749
7.068,0.128676,0.087145,-0.0464769,0.141981,0.150504,0.0418071,-0.0278827,-0.187589,0,0.062520372288219,0.0367474205895897,0.1583607920313409,0.1093746697705499,0.2820515428375594,-0.0055394533489822,-0.0155415963387202,0.0734293926544545,0.062520372288219,0.0367474205895897,0.1583607920313409,0.1093746697705499,0.2820515428375594,-0.0055394533489822,-0.0155415963387202,0.0734293926544545
7.069,0.10263,0.105528,-0.0600709,0.137628,0.109493,0.0372513,-0.00156056,-0.176566,0,0.0628995674935222,0.0587846021903632,0.1528170525209403,0.1101045003841281,0.2465965302531749,-0.0028415316816394,-0.0003516085782662,0.0648302600267433,0.0628995674935222,0.0587846021903632,0.1528170525209403,0.1101045003841281,0.2465965302531749,-0.0028415316816394,-0.0003516085782662,0.0648302600267433
7.07,0.0750936,0.123835,-0.0678729,0.137707,0.151575,0.0663538,0.0180052,-0.176904,0,0.0624934409052199,0.0805054533243363,0.1523615838379143,0.1142318701251132,0.2769874756208607,0.036442053766936,9.89266522997273e-05,0.0376364550612711,0.0624934409052199,0.0805054533243363,0.1523615838379143,0.1142318701251132,0.2769874756208607,0.036442053766936,9.89266522997273e-05,0.0376364550612711
7.071,0.043626,0.137625,-0.074875,0.18052,0.146534,0.0568702,0.0485838,-0.179886,0,0.0606590784863729,0.1011686685664979,0.1536085828373422,0.1683016856928712,0.2620395823001833,0.0399231475632697,0.0103067044012601,0.0002359162669072,0.0606590784863729,0.1011686685664979,0.1536085828373422,0.1683016856928712,0.2620395823001833,0.0399231475632697,0.0103067044012601,0.0002359162669072
7.072,-0.000203281,0.145931,-0.0832575,0.144939,0.0328851,0.00852559,0.0706607,-0.17728,0,0.0456575825974417,0.1162648864194459,0.1545312488130821,0.1466880593156704,0.1273558806625856,0.0058819660029564,0.0082614114827806,-0.0342137314269723,0.0456575825974417,0.1162648864194459,0.1545312488130821,0.1466880593156704,0.1273558806625856,0.0058819660029564,0.0082614114827806,-0.0342137314269723
7.073,-0.055037,0.146557,-0.092049,0.0774828,-0.0224563,-0.010551,0.0738698,-0.163454,0,0.0202124299358151,0.127196724772595,0.1565942468517051,0.1003698792943677,0.0499463220227722,0.0045084321230655,-0.0092412417171257,-0.0592056390132204,0.0202124299358151,0.127196724772595,0.1565942468517051,0.1003698792943677,0.0499463220227722,0.0045084321230655,-0.0092412417171257,-0.0592056390132204
7.074,-0.0962194,0.142629,-0.103245,0.0964717,-0.0391027,0.000708662,0.0855725,-0.135779,0,0.0063512301770669,0.1333451226450086,0.158347275239077,0.1433076877581477,0.0094290773873247,0.0325145670226739,-0.0171757513646792,-0.0662661714376424,0.0063512301770669,0.1333451226450086,0.158347275239077,0.1433076877581477,0.0094290773873247,0.0325145670226739,-0.0171757513646792,-0.0662661714376424
7.075,-0.133071,0.117754,-0.121369,0.0444913,-0.0328709,0.00399205,0.105179,-0.104873,0,-0.0042009862380103,0.1216322776804755,0.1548529383119861,0.1198521894337893,-0.0089405785410084,0.0553172943083515,-0.0100248684444158,-0.065397549774651,-0.0042009862380103,0.1216322776804755,0.1548529383119861,0.1198521894337893,-0.0089405785410084,0.0553172943083515,-0.0100248684444158,-0.065397549774651
7.076,-0.177195,0.0976728,-0.139629,-0.0908872,0.0383773,-0.00743123,0.109435,-0.0841742,0,-0.0244492080004139,0.1140821222483667,0.1530285591554039,0.01251537254012,0.0456425892219664,0.0601279247353318,-0.0140424280528405,-0.0653527286078262,-0.0244492080004139,0.1140821222483667,0.1530285591554039,0.01251537254012,0.0456425892219664,0.0601279247353318,-0.0140424280528405,-0.0653527286078262
7.077,-0.221506,0.0868113,-0.15287,-0.123361,0.11827,-0.0640265,0.101815,-0.0632115,0,-0.0465096384518248,0.1181238487792641,0.1573376014845447,0.0085480043560511,0.1094354348898282,0.021323281585941,-0.0221568649767269,-0.056659601226187,-0.0465096384518248,0.1181238487792641,0.1573376014845447,0.0085480043560511,0.1094354348898282,0.021323281585941,-0.0221568649767269,-0.056659601226187
7.078,-0.24855,0.071907,-0.168028,-0.0859964,0.0433523,-0.117245,0.0861229,-0.0464337,0,-0.053002863675054,0.1170128298767664,0.1599221083243412,0.0692583868461653,0.033380108944782,-0.0189719627953312,-0.0340677956562418,-0.0417622786145211,-0.053002863675054,0.1170128298767664,0.1599221083243412,0.0692583868461653,0.033380108944782,-0.0189719627953312,-0.0340677956562418,-0.0417622786145211
7.079,-0.246266,0.0578665,-0.186098,-0.104252,-0.121096,-0.13802,0.0834303,-0.0333912,0,-0.0313372670700944,0.118452870338666,0.1596682874736809,0.0711998456469056,-0.1320387296970261,-0.026265535716515,-0.028359384696789,-0.0231680736524385,-0.0313372670700944,0.118452870338666,0.1596682874736809,0.0711998456469056,-0.1320387296970261,-0.026265535716515,-0.028359384696789,-0.0231680736524385
7.08,-0.256227,0.0496171,-0.206489,-0.11854,-0.201102,-0.158261,0.101147,-0.0158728,0,-0.0222270038485246,0.1242113583079896,0.1549551204597781,0.0685856399634309,-0.1957311278603869,-0.0381399413286325,-0.0004689626186206,0.0063984547055876,-0.0222270038485246,0.1242113583079896,0.1549551204597781,0.0685856399634309,-0.1957311278603869,-0.0381399413286325,-0.0004689626186206,0.0063984547055876
7.081,-0.282978,0.0513617,-0.229374,-0.123598,-0.0715519,-0.166493,0.122809,-0.0059813,0,-0.0300407158507672,0.1412402584462249,0.14678088699807,0.0707327082349938,-0.0533131462192381,-0.0377024698395621,0.0305723819927873,0.0309039071591765,-0.0300407158507672,0.1412402584462249,0.14678088699807,0.0707327082349938,-0.0533131462192381,-0.0377024698395621,0.0305723819927873,0.0309039071591765
7.082,-0.284224,0.0616767,-0.25133,-0.136226,0.107106,-0.167099,0.165354,-0.00486646,0,-0.0114315289333476,0.1652283104972015,0.1352762926854378,0.0565843350035374,0.153379458253733,-0.0335954711093259,0.0809900993770542,0.0463727750129273,-0.0114315289333476,0.1652283104972015,0.1352762926854378,0.0565843350035374,0.153379458253733,-0.0335954711093259,0.0809900993770542,0.0463727750129273
7.083,-0.304515,0.036738,-0.27791,-0.132567,0.134501,-0.171012,0.189345,0.00214195,0,-0.0111667447187571,0.1551601221633001,0.1175781675943673,0.0558369138425002,0.1992226520729345,-0.0321075768761529,0.1072106023839612,0.0643918220780749,-0.0111667447187571,0.1551601221633001,0.1175781675943673,0.0558369138425002,0.1992226520729345,-0.0321075768761529,0.1072106023839612,0.0643918220780749
7.084,-0.364346,-0.0226341,-0.301802,-0.131887,0.0490046,-0.176273,0.172288,0.0212551,0,-0.0492345366784816,0.1091017675970981,0.097220757440531,0.0464734136804111,0.1427994786523125,-0.0338720216556283,0.0889091641079492,0.0882520136283223,-0.0492345366784816,0.1091017675970981,0.097220757440531,0.0464734136804111,0.1427994786523125,-0.0338720216556283,0.0889091641079492,0.0882520136283223
7.085,-0.408754,-0.0856639,-0.325937,-0.15784,-0.0664338,-0.198903,0.08099,0.0456719,0,-0.0711746749581968,0.0606557781995247,0.0750152127149173,0.0111124556068878,0.0405456673856826,-0.0519213733166148,-0.0108927856706255,0.1105006973700543,-0.0711746749581968,0.0606557781995247,0.0750152127149173,0.0111124556068878,0.0405456673856826,-0.0519213733166148,-0.0108927856706255,0.1105006973700543
7.086,-0.435131,-0.149871,-0.345744,-0.184523,-0.185385,-0.197992,-0.00124786,0.0638055,0,-0.0748201328171157,0.0096015465034908,0.0520899555449495,-0.0258876542205145,-0.0588862031793754,-0.0462283309757581,-0.1046406863669542,0.1182519751947343,-0.0748201328171157,0.0096015465034908,0.0520899555449495,-0.0258876542205145,-0.0588862031793754,-0.0462283309757581,-0.1046406863669542,0.1182519751947343
7.087,-0.451296,-0.226555,-0.359434,-0.198805,-0.167408,-0.185964,0.0206811,0.0770623,0,-0.0685110727869937,-0.0527235734101662,0.0339410721381461,-0.0464480268858654,-0.0405674015942921,-0.0286681461144397,-0.09873101269469,0.1149020106751236,-0.0685110727869937,-0.0527235734101662,0.0339410721381461,-0.0464480268858654,-0.0405674015942921,-0.0286681461144397,-0.09873101269469,0.1149020106751236
7.088,-0.447775,-0.303346,-0.371897,-0.232696,-0.0102874,-0.184246,0.0620257,0.0859835,0,-0.0440176417882649,-0.1164791843769137,0.0134106045692687,-0.0836592005569217,0.1213429826649228,-0.0198058738957023,-0.0739153397755576,0.1023443544562891,-0.0440176417882649,-0.1164791843769137,0.0134106045692687,-0.0836592005569217,0.1213429826649228,-0.0198058738957023,-0.0739153397755576,0.1023443544562891
7.089,-0.442078,-0.368863,-0.387351,-0.288093,0.0131535,-0.19067,0.145936,0.0946076,0,-0.0191378621647496,-0.1682293114538119,-0.0113907877195611,-0.1370551058957085,0.1323062101862026,-0.0197835261668548,-0.0049294527849783,0.0875276817240929,-0.0191378621647496,-0.1682293114538119,-0.0113907877195611,-0.1370551058957085,0.1323062101862026,-0.0197835261668548,-0.0049294527849783,0.0875276817240929
7.09,-0.455688,-0.416917,-0.399473,-0.292738,-0.204901,-0.206124,0.248036,0.0879985,0,-0.016759242119189,-0.2037649575750882,-0.0346042733790198,-0.1357470587692885,-0.0929301560286126,-0.0267872474269309,0.0845165758710977,0.0598211156347474,-0.016759242119189,-0.2037649575750882,-0.0346042733790198,-0.1357470587692885,-0.0929301560286126,-0.0267872474269309,0.0845165758710977,0.0598211156347474
7.091,-0.465852,-0.440894,-0.409932,-0.276918,-0.25925,-0.216415,0.357762,0.0682967,0,-0.0141627496827836,-0.2155036357972048,-0.0579894991184081,-0.1103178109114137,-0.1650013279078789,-0.0316660253026566,0.189868478736783,0.0219095671767921,-0.0141627496827836,-0.2155036357972048,-0.0579894991184081,-0.1103178109114137,-0.1650013279078789,-0.0316660253026566,0.189868478736783,0.0219095671767921
7.092,-0.463614,-0.438125,-0.420169,-0.283906,-0.201027,-0.229189,0.441116,0.0402994,0,-0.0030473666222025,-0.2016149732394192,-0.0814535404773991,-0.1060827795610446,-0.1171359463297002,-0.0373966840725209,0.2721014838683515,-0.0141487041082745,-0.0030473666222025,-0.2016149732394192,-0.0814535404773991,-0.1060827795610446,-0.1171359463297002,-0.0373966840725209,0.2721014838683515,-0.0141487041082745
7.093,-0.475375,-0.413632,-0.425051,-0.279237,-0.1844,-0.226213,0.409493,0.0252237,0,-0.0099184287291654,-0.1677425882883554,-0.1025596626097157,-0.0902978102217163,-0.1125404082594831,-0.0328696681941495,0.2517473107825246,-0.0325997019702087,-0.0099184287291654,-0.1677425882883554,-0.1025596626097157,-0.0902978102217163,-0.1125404082594831,-0.0328696681941495,0.2517473107825246,-0.0325997019702087
7.094,-0.493285,-0.376184,-0.425154,-0.262362,-0.168267,-0.219547,0.322158,0.0214078,0,-0.0260199430653659,-0.121729815112812,-0.1187913921540281,-0.0650908758777637,-0.099902658155108,-0.0235017034475105,0.1769837166971309,-0.024629429796191,-0.0260199430653659,-0.121729815112812,-0.1187913921540281,-0.0650908758777637,-0.099902658155108,-0.0235017034475105,0.1769837166971309,-0.024629429796191
7.095,-0.500607,-0.33204,-0.426686,-0.267634,-0.115795,-0.196932,0.176143,0.0287349,0,-0.0354048763975678,-0.0723907455617774,-0.1406820692107566,-0.065924098554767,-0.0455487494773695,-0.0053035842321885,0.0556624412043226,-0.0042648062142093,-0.0354048763975678,-0.0723907455617774,-0.1406820692107566,-0.065924098554767,-0.0455487494773695,-0.0053035842321885,0.0556624412043226,-0.0042648062142093
7.096,-0.497173,-0.286669,-0.450563,-0.303908,-0.0678447,-0.174175,0.0608254,0.0278814,0,-0.0350919503906713,-0.0221023909538904,-0.1856577798565029,-0.1046687128534475,0.0114256963228868,0.0142340360926533,-0.0379446009263896,0.0235465421703353,-0.0350919503906713,-0.0221023909538904,-0.1856577798565029,-0.1046687128534475,0.0114256963228868,0.0142340360926533,-0.0379446009263896,0.0235465421703353
7.097,-0.482934,-0.268178,-0.499024,-0.294227,-0.018502,-0.152857,0.0345702,0.0157277,0,-0.027115555182866,-0.0034751289020311,-0.2598893588453673,-0.1029644417865144,0.077143840805606,0.0250551808900493,-0.0345003321764403,0.033283124205649,-0.027115555182866,-0.0034751289020311,-0.2598893588453673,-0.1029644417865144,0.077143840805606,0.0250551808900493,-0.0345003321764403,0.033283124205649
7.098,-0.456522,-0.299852,-0.526296,-0.218732,0.052885,-0.141414,0.0838436,0.0166112,0,-0.0057081567428439,-0.0345847099996163,-0.3154541256754614,-0.0440621106922719,0.1680649469485204,0.0279575507815213,0.0370070504381563,0.0682416944208131,-0.0057081567428439,-0.0345847099996163,-0.3154541256754614,-0.0440621106922719,0.1680649469485204,0.0279575507815213,0.0370070504381563,0.0682416944208131
7.099,-0.421832,-0.382891,-0.544831,-0.158674,0.0477076,-0.132866,0.114133,0.0414651,0,0.0216450204697071,-0.1226687581877293,-0.3658501112771004,-0.0044196276780667,0.1858254488303898,0.0220542807605152,0.0919566983727246,0.1111368800166565,0.0216450204697071,-0.1226687581877293,-0.3658501112771004,-0.0044196276780667,0.1858254488303898,0.0220542807605152,0.0919566983727246,0.1111368800166565
7.1,-0.392927,-0.451962,-0.564722,-0.115223,-0.0432344,-0.110545,0.103663,0.0449468,0,0.0459063705427988,-0.1956719195751932,-0.4221871240031761,0.0115524094588654,0.1160746082158621,0.0329145606144008,0.0964211318190322,0.1400074823792306,0.0459063705427988,-0.1956719195751932,-0.4221871240031761,0.0115524094588654,0.1160746082158621,0.0329145606144008,0.0964211318190322,0.1400074823792306
7.101,-0.371961,-0.39986,-0.545756,-0.0609151,-0.14562,-0.0857239,0.0701663,0.0710632,0,0.0603173537378215,-0.153103449419874,-0.4404298765086187,0.0388637070621919,0.030468918111815,0.042785803218918,0.0761438027475529,0.1694614214117543,0.0603173537378215,-0.153103449419874,-0.4404298765086187,0.0388637070621919,0.030468918111815,0.042785803218918,0.0761438027475529,0.1694614214117543
7.102,-0.362854,-0.315942,-0.525891,-0.00195471,-0.151356,-0.0780591,0.0149581,-0.0132229,0,0.0652785129746936,-0.0771454702097862,-0.4638821070798791,0.0676380360414739,0.0364208485440784,0.0389265588335037,0.0257267863661084,0.0924466223553758,0.0652785129746936,-0.0771454702097862,-0.4638821070798791,0.0676380360414739,0.0364208485440784,0.0389265588335037,0.0257267863661084,0.0924466223553758
7.103,-0.344079,-0.227203,-0.518716,-0.00112886,-0.193437,-0.0653764,-0.0429106,-0.150807,0,0.0779356262677159,-0.0010534498726224,-0.4970414401008655,0.0435473136882298,-0.0059961052278993,0.0393650908254929,-0.0299518066965781,-0.0594346559377384,0.0779356262677159,-0.0010534498726224,-0.4970414401008655,0.0435473136882298,-0.0059961052278993,0.0393650908254929,-0.0299518066965781,-0.0594346559377384
7.104,-0.319143,-0.136415,-0.467814,-0.0121394,-0.31954,-0.0420767,-0.0855693,-0.268609,0,0.0971054786484823,0.078634520298018,-0.4927926865846093,0.0085356784569357,-0.1373896458400929,0.0528014762351685,-0.0744143693902431,-0.188133506621659,0.0971054786484823,0.078634520298018,-0.4927926865846093,0.0085356784569357,-0.1373896458400929,0.0528014762351685,-0.0744143693902431,-0.188133506621659
7.105,-0.282624,-0.103406,-0.390857,-0.00278221,-0.39497,-0.0232717,-0.114029,-0.337799,0,0.1257123136156391,0.0974172704896903,-0.4563608834701765,0.0019257796215435,-0.2335737808373711,0.0635792538964659,-0.104967349974154,-0.2824473947274053,0.1257123136156391,0.0974172704896903,-0.4563608834701765,0.0019257796215435,-0.2335737808373711,0.0635792538964659,-0.104967349974154,-0.2824473947274053
7.106,-0.261134,-0.0935023,-0.262931,-3.55e-05,-0.433746,-0.0283253,-0.131407,-0.359439,0,0.136589177385066,0.0938652278238721,-0.3735842319632235,-0.008102128747682,-0.2944003402751811,0.0499912048655177,-0.1229469731857896,-0.3241002846120507,0.136589177385066,0.0938652278238721,-0.3735842319632235,-0.008102128747682,-0.2944003402751811,0.0499912048655177,-0.1229469731857896,-0.3241002846120507
7.107,-0.271098,-0.0971776,0.11266,0.0260421,-0.403612,-0.0475,-0.145435,-0.322812,0,0.114162656206816,0.0754537678578728,-0.0361755114337411,0.0124472452987482,-0.2991552345140429,0.0262876470122805,-0.1341876759723731,-0.3102804782658928,0.114162656206816,0.0754537678578728,-0.0361755114337411,0.0124472452987482,-0.2991552345140429,0.0262876470122805,-0.1341876759723731,-0.3102804782658928
7.108,-0.304436,-0.10752,0.522678,0.0564071,-0.322018,-0.0708601,-0.16918,-0.280122,0,0.0628302150211867,0.0495874130694507,0.3349147717453709,0.0400555469548663,-0.2484936532988056,-0.006415115895738,-0.1498650384950435,-0.2837151824035547,0.0628302150211867,0.0495874130694507,0.3349147717453709,0.0400555469548663,-0.2484936532988056,-0.006415115895738,-0.1498650384950435,-0.2837151824035547
7.109,-0.369551,-0.0887574,0.585298,0.0561837,-0.151329,-0.126646,-0.204595,-0.260832,0,-0.0209534871494471,0.0534295388575722,0.3629968052548777,0.0402049518906868,-0.1140090402863326,-0.0655680871602324,-0.1712741571770842,-0.2724880805088034,-0.0209534871494471,0.0534295388575722,0.3629968052548777,0.0402049518906868,-0.1140090402863326,-0.0655680871602324,-0.1712741571770842,-0.2724880805088034
7.11,-0.397583,-0.0634586,0.527133,0.0558072,-0.00234709,-0.161658,-0.249712,-0.235573,0,-0.0746924392719022,0.0609593346289924,0.2752575667432222,0.0405895103047134,0.006492048807924,-0.1133400414243088,-0.1969876986382103,-0.2498646920010816,-0.0746924392719022,0.0609593346289924,0.2752575667432222,0.0405895103047134,0.006492048807924,-0.1133400414243088,-0.1969876986382103,-0.2498646920010816
7.111,-0.380519,-0.0695558,0.475792,0.0559983,0.098325,-0.148655,-0.299898,-0.197523,0,-0.0820041367859749,0.0395027270328809,0.1927080612946498,0.0391107852828871,0.0823394140761456,-0.1050594111552324,-0.2221116580029903,-0.2003428982657435,-0.0820041367859749,0.0395027270328809,0.1927080612946498,0.0391107852828871,0.0823394140761456,-0.1050594111552324,-0.2221116580029903,-0.2003428982657435
7.112,-0.378451,-0.0926988,0.459702,0.0637491,0.118233,-0.117012,-0.327727,-0.149421,0,-0.1110235214022364,-0.0039119830776826,0.1570750897219341,0.0431364239124728,0.0847831594521678,-0.09096326796913,-0.2231480297326373,-0.1405904573195611,-0.1110235214022364,-0.0039119830776826,0.1570750897219341,0.0431364239124728,0.0847831594521678,-0.09096326796913,-0.2231480297326373,-0.1405904573195611
7.113,-0.365089,-0.0842369,0.486051,0.0708467,0.0931662,-0.105668,-0.304786,-0.0937293,0,-0.1251913448995717,-0.0116690702270914,0.1544731371589316,0.039712506537245,0.0520865269989193,-0.0869287653625896,-0.1708055445780782,-0.0595755540767663,-0.1251913448995717,-0.0116690702270914,0.1544731371589316,0.039712506537245,0.0520865269989193,-0.0869287653625896,-0.1708055445780782,-0.0595755540767663
7.114,-0.283166,-0.0606143,0.547193,0.0758855,0.0848212,-0.121795,-0.242468,-0.0135264,0,-0.0757016338701161,-0.0106536230358598,0.2050150414327585,0.031626070223457,0.0383263487212849,-0.1244296137149923,-0.0829534847602317,0.0381961499909479,-0.0757016338701161,-0.0106536230358598,0.2050150414327585,0.031626070223457,0.0383263487212849,-0.1244296137149923,-0.0829534847602317,0.0381961499909479
7.115,-0.198022,-0.0347323,0.714865,0.098925,0.017986,-0.167065,-0.193453,0.0120199,0,-0.0179427853875805,-0.001931104679828,0.3457080980001379,0.0335988030033243,-0.023018193348537,-0.1789434290662977,-0.0098783145636771,0.0896307781493688,-0.0179427853875805,-0.001931104679828,0.3457080980001379,0.0335988030033243,-0.023018193348537,-0.1789434290662977,-0.0098783145636771,0.0896307781493688
7.116,-0.126333,0.033992,0.757998,0.107493,0.0310016,-0.101675,-0.143527,0.0306365,0,0.0237939545318928,0.0428454361774285,0.3855910348172527,0.0206839208469298,-0.0103273436484432,-0.1356912741736105,0.0555286825071482,0.1190410268297475,0.0237939545318928,0.0428454361774285,0.3855910348172527,0.0206839208469298,-0.0103273436484432,-0.1356912741736105,0.0555286825071482,0.1190410268297475
7.117,-0.0802461,0.0724444,0.80234,0.114822,0.0673802,0.00257099,-0.112335,0.055877,0,0.0449398859308837,0.0637713482014205,0.4063675191651009,0.001043354732478,0.0331345424293314,-0.040574674610142,0.0979622795491214,0.156911235502691,0.0449398859308837,0.0637713482014205,0.4063675191651009,0.001043354732478,0.0331345424293314,-0.040574674610142,0.0979622795491214,0.156911235502691
7.118,-0.0501829,0.106437,0.844272,0.127366,0.104449,0.121697,-0.0854847,0.0979378,0,0.0492821052656132,0.074264422940063,0.4513074961130493,-0.0096693186021645,0.0641077459406986,0.0595085644570614,0.125936490546441,0.1933460186455707,0.0492821052656132,0.074264422940063,0.4513074961130493,-0.0096693186021645,0.0641077459406986,0.0595085644570614,0.125936490546441,0.1933460186455707
7.119,-0.0284627,0.132737,0.876433,0.148512,0.130448,0.202989,-0.0356601,0.144187,0,0.0485703316528548,0.0838088884055085,0.466303684245809,-0.0126517765800566,0.0862791953500373,0.1340037464584379,0.1728654491926766,0.232123582139245,0.0485703316528548,0.0838088884055085,0.466303684245809,-0.0126517765800566,0.0862791953500373,0.1340037464584379,0.1728654491926766,0.232123582139245
7.12,-0.00486401,0.150026,0.903178,0.155584,0.158711,0.245264,0.0200715,0.19078,0,0.0495909182095328,0.0801367915342289,0.502093295274149,-0.0219520616310377,0.0942637981677928,0.1631269542954046,0.217812890482423,0.2559264801006559,0.0495909182095328,0.0801367915342289,0.502093295274149,-0.0219520616310377,0.0942637981677928,0.1631269542954046,0.217812890482423,0.2559264801006559
7.121,0.0216062,0.157248,0.961591,0.154676,0.17732,0.247825,0.0428536,0.219505,0,0.0540620840947754,0.072664792803155,0.5532147719517145,-0.0357987721044069,0.0915995913663834,0.1621668303124276,0.2290498343020237,0.2610467080039109,0.0540620840947754,0.072664792803155,0.5532147719517145,-0.0357987721044069,0.0915995913663834,0.1621668303124276,0.2290498343020237,0.2610467080039109
7.122,0.0404334,0.158536,0.909753,0.152521,0.165456,0.233795,0.0256966,0.227572,0,0.0503544761123125,0.057247900007916,0.5167559085589404,-0.0413544518389046,0.0444579711476845,0.1411797569222145,0.1970139897918111,0.2382305873827335,0.0503544761123125,0.057247900007916,0.5167559085589404,-0.0413544518389046,0.0444579711476845,0.1411797569222145,0.1970139897918111,0.2382305873827335
7.123,0.0511254,0.151124,0.784339,0.150682,0.206054,0.234581,-0.00944006,0.215581,0,0.0366286399430722,0.0381547062462008,0.3963793158463136,-0.0413518331424727,0.0495121926800863,0.1407143246320093,0.1508960309006993,0.1992170431282505,0.0366286399430722,0.0381547062462008,0.3963793158463136,-0.0413518331424727,0.0495121926800863,0.1407143246320093,0.1508960309006993,0.1992170431282505
7.124,0.0561541,0.132707,0.653045,0.152629,0.264537,0.248067,-0.0548041,0.19415,0,0.0159819539292631,0.0080956440693668,0.2867640218459337,-0.0296111411601002,0.065616672803615,0.1511868372603827,0.0953866714232409,0.1530673449709803,0.0159819539292631,0.0080956440693668,0.2867640218459337,-0.0296111411601002,0.065616672803615,0.1511868372603827,0.0953866714232409,0.1530673449709803
7.125,0.0739921,0.11415,0.514776,0.156355,0.30032,0.254602,-0.0880271,0.145591,0,0.0052027598748009,-0.0188445326852423,0.1661161748055431,-0.0122778177692572,0.063004084591666,0.1563293996532682,0.059605565975057,0.0886802735791552,0.0052027598748009,-0.0188445326852423,0.1661161748055431,-0.0122778177692572,0.063004084591666,0.1563293996532682,0.059605565975057,0.0886802735791552
7.126,0.0921056,0.108365,0.367977,0.153032,0.332453,0.218183,-0.0552146,0.084668,0,-0.0067829835024162,-0.0314624368578429,0.0462866939714826,0.0016139620104173,0.0586118565329211,0.1173076270632756,0.092008940803458,0.0209813034959815,-0.0067829835024162,-0.0314624368578429,0.0462866939714826,0.0016139620104173,0.0586118565329211,0.1173076270632756,0.092008940803458,0.0209813034959815
7.127,0.107475,0.106529,0.215676,0.145032,0.336289,0.14926,-0.0465392,0.0334368,0,-0.0236321112747805,-0.0387455642291969,-0.0778855626415935,0.0110209872195554,0.0349060846456603,0.0443832970075597,0.1088109753152942,-0.0262939595692599,-0.0236321112747805,-0.0387455642291969,-0.0778855626415935,0.0110209872195554,0.0349060846456603,0.0443832970075597,0.1088109753152942,-0.0262939595692599
7.128,0.118934,0.0946317,0.094574,0.137986,0.331211,0.113112,-0.130284,-0.00900437,0,-0.0451149899625173,-0.0536721916080684,-0.1686942081079598,0.019935487406587,0.0105304720727502,0.0030398192755892,0.0328631001514272,-0.054765594271131,-0.0451149899625173,-0.0536721916080684,-0.1686942081079598,0.019935487406587,0.0105304720727502,0.0030398192755892,0.0328631001514272,-0.054765594271131
7.129,0.125514,0.0847765,0.00914521,0.135316,0.302119,0.105489,-0.239761,-0.0449137,0,-0.071395379795128,-0.0667033860197978,-0.2190874205073444,0.0298203368874492,-0.0264961903460537,-0.0123300211806078,-0.0623454598039662,-0.0690219828071992,-0.071395379795128,-0.0667033860197978,-0.2190874205073444,0.0298203368874492,-0.0264961903460537,-0.0123300211806078,-0.0623454598039662,-0.0690219828071992
7.13,0.149794,0.101549,-0.0547593,0.133563,0.234091,0.122484,-0.33355,-0.0741576,0,-0.079071344077028,-0.0503388314486601,-0.251708656565164,0.0358611012468651,-0.0927734105144189,-0.0041229032600716,-0.1473840355156567,-0.0714091741014702,-0.079071344077028,-0.0503388314486601,-0.251708656565164,0.0358611012468651,-0.0927734105144189,-0.0041229032600716,-0.1473840355156567,-0.0714091741014702
7.131,0.187688,0.131889,-0.102413,0.131861,0.15926,0.158387,-0.408659,-0.0973789,0,-0.0707238850838436,-0.0214036414323612,-0.2612833286487048,0.0371210019656539,-0.1566975737662868,0.0211967025570298,-0.2109238062868906,-0.0668690461825123,-0.0707238850838436,-0.0214036414323612,-0.2612833286487048,0.0371210019656539,-0.1566975737662868,0.0211967025570298,-0.2109238062868906,-0.0668690461825123
7.132,0.224216,0.143874,-0.144861,0.129463,0.162781,0.1663,-0.441393,-0.111636,0,-0.0609330374405925,-0.0079853567893363,-0.2733437099371437,0.0329028183671375,-0.1361346932301376,0.0180601396005601,-0.2428372888070851,-0.0557801419845693,-0.0609330374405925,-0.0079853567893363,-0.2733437099371437,0.0329028183671375,-0.1361346932301376,0.0180601396005601,-0.2428372888070851,-0.0557801419845693
7.133,0.247173,0.146984,-0.195907,0.12786,0.233039,0.154231,-0.478288,-0.120838,0,-0.0612265262735873,-0.0044969745715816,-0.2863880806915869,0.0262710375709287,-0.0458167346875344,-0.0049762181419747,-0.2790049759078634,-0.0458033189027129,-0.0612265262735873,-0.0044969745715816,-0.2863880806915869,0.0262710375709287,-0.0458167346875344,-0.0049762181419747,-0.2790049759078634,-0.0458033189027129
7.134,0.251114,0.148055,-0.242555,0.126201,0.306288,0.150511,-0.442498,-0.122023,0,-0.0762611151974572,-0.0002567332981055,-0.3044342001674426,0.017901290954861,0.047587339984399,-0.0193751022873552,-0.2557505666842037,-0.0363136627787803,-0.0762611151974572,-0.0002567332981055,-0.3044342001674426,0.017901290954861,0.047587339984399,-0.0193751022873552,-0.2557505666842037,-0.0363136627787803
7.135,0.252055,0.146616,-0.29843,0.120918,0.341721,0.158933,-0.340706,-0.12971,0,-0.0917817750748303,0.0009843755647301,-0.3244322144851078,0.0064986434558763,0.0990620150421033,-0.0197206548764575,-0.1669304949822886,-0.0430314162499367,-0.0917817750748303,0.0009843755647301,-0.3244322144851078,0.0064986434558763,0.0990620150421033,-0.0197206548764575,-0.1669304949822886,-0.0430314162499367
7.136,0.26099,0.146532,-0.356752,0.114641,0.35621,0.173448,-0.223201,-0.136512,0,-0.0944121254347784,0.0062515943095259,-0.3557949876795127,-0.0031723177604821,0.1247852118410425,-0.0132483120603306,-0.0740717113661022,-0.0585462382681588,-0.0944121254347784,0.0062515943095259,-0.3557949876795127,-0.0031723177604821,0.1247852118410425,-0.0132483120603306,-0.0740717113661022,-0.0585462382681588
7.137,0.272439,0.154665,-0.394638,0.110353,0.373685,0.166822,-0.12711,-0.120482,0,-0.0947751283726313,0.0200824092519061,-0.3612137447108552,-0.0064288765500241,0.1448141420301377,-0.0251580075162523,-0.0005574148620816,-0.0588795749399227,-0.0947751283726313,0.0200824092519061,-0.3612137447108552,-0.0064288765500241,0.1448141420301377,-0.0251580075162523,-0.0005574148620816,-0.0588795749399227
7.138,0.275986,0.157014,-0.414495,0.102813,0.392765,0.152613,-0.0693836,-0.101172,0,-0.0982365112767283,0.0305481668911578,-0.3550277949640048,-0.0069893263975862,0.1607757043268915,-0.0442321377965924,0.0278747182977548,-0.0612864276315078,-0.0982365112767283,0.0305481668911578,-0.3550277949640048,-0.0069893263975862,0.1607757043268915,-0.0442321377965924,0.0278747182977548,-0.0612864276315078
7.139,0.276181,0.152901,-0.434843,0.0917896,0.398074,0.133364,-0.0430566,-0.0968752,0,-0.1086227868336393,0.0355846249653693,-0.3474228317909162,-0.0049632767084377,0.1545981081605587,-0.0659942052715485,0.0308196937697905,-0.0796246611437305,-0.1086227868336393,0.0355846249653693,-0.3474228317909162,-0.0049632767084377,0.1545981081605587,-0.0659942052715485,0.0308196937697905,-0.0796246611437305
7.14,0.277687,0.143218,-0.475172,0.0799441,0.312,0.12761,0.00277327,-0.0892235,0,-0.1131989720884783,0.0369951811001302,-0.3620113082886118,0.0023855747850756,0.0552041619286621,-0.0749473184867272,0.0524786414283176,-0.092649341802562,-0.1131989720884783,0.0369951811001302,-0.3620113082886118,0.0023855747850756,0.0552041619286621,-0.0749473184867272,0.0524786414283176,-0.092649341802562
7.141,0.274584,0.133734,-0.498949,0.0667513,0.205935,0.1257,0.0770635,-0.0588734,0,-0.1282652442682685,0.0398488814772634,-0.3636735460998489,0.0128384554601215,-0.067651473354477,-0.0788423592259774,0.1112844908949105,-0.075980943645307,-0.1282652442682685,0.0398488814772634,-0.3636735460998489,0.0128384554601215,-0.067651473354477,-0.0788423592259774,0.1112844908949105,-0.075980943645307
7.142,0.3107,0.123762,-0.484044,0.0510639,0.161439,0.13062,0.12138,-0.0148698,0,-0.0996072677736598,0.0434494508276657,-0.3234615393717921,0.0239149900447783,-0.1242081959488916,-0.0780941766923754,0.1435447390196745,-0.0376583986783279,-0.0996072677736598,0.0434494508276657,-0.3234615393717921,0.0239149900447783,-0.1242081959488916,-0.0780941766923754,0.1435447390196745,-0.0376583986783279
7.143,0.479418,0.107753,-0.460608,0.0340443,0.163245,0.171806,0.0714467,-0.00127025,0,0.0556468624154634,0.0419008165203308,-0.2851700983082934,0.0339224859939488,-0.1311886745893911,-0.0407596290914968,0.089967301569559,-0.0178571024355724,0.0556468624154634,0.0419008165203308,-0.2851700983082934,0.0339224859939488,-0.1311886745893911,-0.0407596290914968,0.089967301569559,-0.0178571024355724
7.144,0.642493,0.0894863,-0.377477,0.0174192,0.186455,0.204864,-0.00826338,-0.0196447,0,0.2102745717125013,0.0385036406499752,-0.1782632139084905,0.0427479191837999,-0.1062577870677045,-0.014993718403023,0.0109094203487784,-0.0208855714350805,0.2102745717125013,0.0385036406499752,-0.1782632139084905,0.0427479191837999,-0.1062577870677045,-0.014993718403023,0.0109094203487784,-0.0208855714350805
7.145,0.716939,0.0637391,-0.271161,0.00196902,0.219348,0.220641,-0.0250694,-0.0320964,0,0.2724556130836099,0.0277454630284747,-0.065249237326507,0.0483611939655092,-0.0634972533854515,-0.0060013632247702,-0.0006251391322337,-0.0069193572841663,0.2724556130836099,0.0277454630284747,-0.065249237326507,0.0483611939655092,-0.0634972533854515,-0.0060013632247702,-0.0006251391322337,-0.0069193572841663
7.146,0.722678,0.0345856,0.0115635,-0.0130564,0.232594,0.241161,-0.00380681,-0.0364838,0,0.2715871149110933,0.0132553094766283,0.237886917596075,0.0489344388094771,-0.0281745003548036,0.0038261915539148,0.0280139508517773,0.0195504495978721,0.2715871149110933,0.0132553094766283,0.237886917596075,0.0489344388094771,-0.0281745003548036,0.0038261915539148,0.0280139508517773,0.0195504495978721
7.147,0.704395,0.0105336,0.390686,-0.0261755,0.222349,0.243547,0.00828972,-0.0459081,0,0.2463071068282248,0.0031295122539345,0.6158631789156717,0.0443079841480509,-0.0079512994458438,-0.0025144612320496,0.0462777331991275,0.045917787086591,0.2463071068282248,0.0031295122539345,0.6158631789156717,0.0443079841480509,-0.0079512994458438,-0.0025144612320496,0.0462777331991275,0.045917787086591
7.148,0.672463,-0.0145848,0.410194,-0.0382553,0.211004,0.2295,0.0612784,-0.0680693,0,0.2131230931886977,-0.0088254782634616,0.6504189219754347,0.0342328098130702,0.0197400124673174,-0.0286964710679195,0.1042451957541683,0.0558069644958466,0.2131230931886977,-0.0088254782634616,0.6504189219754347,0.0342328098130702,0.0197400124673174,-0.0286964710679195,0.1042451957541683,0.0558069644958466
7.149,0.630273,-0.0403997,0.254857,-0.0486256,0.200157,0.207006,0.115734,-0.0974406,0,0.1724126161174379,-0.0228204838689407,0.4877797759324479,0.0193556412391826,0.0517429513565513,-0.0591912076169348,0.1571890112096978,0.0551739028803234,0.1724126161174379,-0.0228204838689407,0.4877797759324479,0.0193556412391826,0.0517429513565513,-0.0591912076169348,0.1571890112096978,0.0551739028803234
7.15,0.59431,-0.0623278,0.0549798,-0.0588482,0.184807,0.204988,0.0944455,-0.116438,0,0.1427359151754368,-0.0337359107015592,0.295816936016625,0.0005059190125563,0.0803794057575847,-0.0713891615980876,0.1312027561653065,0.0539410765687241,0.1427359151754368,-0.0337359107015592,0.295816936016625,0.0005059190125563,0.0803794057575847,-0.0713891615980876,0.1312027561653065,0.0539410765687241
7.151,0.553227,-0.0806981,-0.0136573,-0.0702667,0.155014,0.220564,0.0583593,-0.122739,0,0.1122001320769596,-0.0426024121243957,0.2161880481965219,-0.0225274311734537,0.0915021463419324,-0.0600041423563379,0.081546928188663,0.0560713250000641,0.1122001320769596,-0.0426024121243957,0.2161880481965219,-0.0225274311734537,0.0915021463419324,-0.0600041423563379,0.081546928188663,0.0560713250000641
7.152,0.509345,-0.0993615,0.0299589,-0.081191,0.110146,0.245412,0.0551764,-0.0882462,0,0.0816998935192028,-0.0522985931481901,0.2596633756281622,-0.0447266737444079,0.0810605980027263,-0.0400501779903322,0.0624194554419236,0.085825183599992,0.0816998935192028,-0.0522985931481901,0.2596633756281622,-0.0447266737444079,0.0810605980027263,-0.0400501779903322,0.0624194554419236,0.085825183599992
7.153,0.45265,-0.114543,0.0622068,-0.0887485,0.0653857,0.249614,0.0739893,-0.0691653,0,0.0421476864386489,-0.0597785993355556,0.2800542372545294,-0.0620439353543033,0.0623007185101764,-0.0341651704039228,0.0578663379032416,0.0901560637515472,0.0421476864386489,-0.0597785993355556,0.2800542372545294,-0.0620439353543033,0.0623007185101764,-0.0341651704039228,0.0578663379032416,0.0901560637515472
7.154,0.398026,-0.131521,-0.180632,-0.0982842,0.0217831,0.24724,0.0676545,-0.0684573,0,0.0050445924029033,-0.069229629669546,0.0295589720407589,-0.0768724647660939,0.0341555286474405,-0.0343156008169046,0.0292580130030621,0.0672161249377278,0.0050445924029033,-0.069229629669546,0.0295589720407589,-0.0768724647660939,0.0341555286474405,-0.0343156008169046,0.0292580130030621,0.0672161249377278
7.155,0.35758,-0.150561,-0.632848,-0.105173,-0.0126698,0.221414,0.0602406,-0.0594657,0,-0.0160734330126174,-0.0815801543540868,-0.4329612732216102,-0.0845183374297622,0.0059672238948043,-0.0524155575062218,-0.0035389809419182,0.0473860305742997,-0.0160734330126174,-0.0815801543540868,-0.4329612732216102,-0.0845183374297622,0.0059672238948043,-0.0524155575062218,-0.0035389809419182,0.0473860305742997
7.156,0.317545,-0.163375,-0.75977,-0.108284,-0.0346986,0.176944,0.0767539,-0.0646386,0,-0.0384361998203073,-0.0876905884263527,-0.5733731001581566,-0.0823669695982024,-0.0188731718214553,-0.0878188907253044,-0.007003944341588,0.0131132894051272,-0.0384361998203073,-0.0876905884263527,-0.5733731001581566,-0.0823669695982024,-0.0188731718214553,-0.0878188907253044,-0.007003944341588,0.0131132894051272
7.157,0.278817,-0.169956,-0.57745,-0.113758,-0.0458322,0.130186,0.0967229,-0.0868992,0,-0.0598635395545658,-0.0880769278900592,-0.398491768800937,-0.0781425104231167,-0.0376342734500711,-0.122325683115753,-0.0053333673611356,-0.0359048644614946,-0.0598635395545658,-0.0880769278900592,-0.398491768800937,-0.0781425104231167,-0.0376342734500711,-0.122325683115753,-0.0053333673611356,-0.0359048644614946
7.158,0.248543,-0.171762,-0.366731,-0.119071,-0.0531523,0.102353,0.0911378,-0.109484,0,-0.0752942264323259,-0.083827659230067,-0.2045665051722793,-0.0695954716250276,-0.0556171083583226,-0.136059998437636,-0.0210910284280723,-0.0771358090967958,-0.0752942264323259,-0.083827659230067,-0.2045665051722793,-0.0695954716250276,-0.0556171083583226,-0.136059998437636,-0.0210910284280723,-0.0771358090967958
7.159,0.229274,-0.167967,-0.226788,-0.118509,-0.0698714,0.107313,0.0756087,-0.110847,0,-0.0813097098339406,-0.0744532901540686,-0.0687972043751035,-0.0538770710051887,-0.0806239447840318,-0.1163309586033857,-0.0423331995251346,-0.0888883894349907,-0.0813097098339406,-0.0744532901540686,-0.0687972043751035,-0.0538770710051887,-0.0806239447840318,-0.1163309586033857,-0.0423331995251346,-0.0888883894349907
7.16,0.209654,-0.164993,-0.169528,-0.119238,-0.0973704,0.105722,0.0650934,-0.110873,0,-0.089432823525171,-0.0665204233210703,-0.0288343071311965,-0.0395186853920424,-0.1122011074618574,-0.1007482573716757,-0.051034511234544,-0.0876230253871123,-0.089432823525171,-0.0665204233210703,-0.0288343071311965,-0.0395186853920424,-0.1122011074618574,-0.1007482573716757,-0.051034511234544,-0.0876230253871123
7.161,0.193369,-0.162698,-0.179713,-0.116794,-0.129653,0.10412,0.0688976,-0.108281,0,-0.0955317106810277,-0.0600253639256646,-0.0405014075569439,-0.0251065293838123,-0.1401769209322653,-0.0860871563968077,-0.0414607799638908,-0.0745260083227723,-0.0955317106810277,-0.0600253639256646,-0.0405014075569439,-0.0251065293838123,-0.1401769209322653,-0.0860871563968077,-0.0414607799638908,-0.0745260083227723
7.162,0.18286,-0.151034,-0.113968,-0.112321,-0.152997,0.115926,0.0771999,-0.119707,0,-0.0958680945154168,-0.0453897214029712,0.0095869848922075,-0.0129717552448435,-0.1505416211339124,-0.0548094969693297,-0.023786294015878,-0.0671140446079968,-0.0958680945154168,-0.0453897214029712,0.0095869848922075,-0.0129717552448435,-0.1505416211339124,-0.0548094969693297,-0.023786294015878,-0.0671140446079968
7.163,0.174516,-0.122846,-0.0293868,-0.109654,-0.182575,0.127794,0.0772502,-0.129596,0,-0.0939172264622608,-0.0154278077617141,0.0941766189866189,-0.0089635341243483,-0.1573999652192618,-0.0243909622335192,-0.0135847192773467,-0.0535378323415341,-0.0939172264622608,-0.0154278077617141,0.0941766189866189,-0.0089635341243483,-0.1573999652192618,-0.0243909622335192,-0.0135847192773467,-0.0535378323415341
7.164,0.172293,-0.0820363,0.0253543,-0.105706,-0.208722,0.131763,0.0602538,-0.113935,0,-0.0840713048236729,0.0255009030869247,0.1362243491305847,-0.0098074553967056,-0.1529060537221092,0.0022454090984084,-0.0223348275825326,-0.0147465840522577,-0.0840713048236729,0.0255009030869247,0.1362243491305847,-0.0098074553967056,-0.1529060537221092,0.0022454090984084,-0.0223348275825326,-0.0147465840522577
7.165,0.168917,-0.0448434,0.0517734,-0.099955,-0.208964,0.128833,0.0414583,-0.0990168,0,-0.0736293061595663,0.0612696604748827,0.1631321292045764,-0.0152979713028659,-0.117101593147788,0.0225036325884609,-0.0358671936564816,0.0203579447555448,-0.0736293061595663,0.0612696604748827,0.1631321292045764,-0.0152979713028659,-0.117101593147788,0.0225036325884609,-0.0358671936564816,0.0203579447555448
7.166,0.15955,-0.0174437,0.0450453,-0.0940963,-0.197458,0.123459,0.0453569,-0.0770259,0,-0.06661856009939,0.0856004524160769,0.1474651388668714,-0.0250781146883123,-0.0671401470316655,0.0449780870608346,-0.0331154256168477,0.0527486540429175,-0.06661856009939,0.0856004524160769,0.1474651388668714,-0.0250781146883123,-0.0671401470316655,0.0449780870608346,-0.0331154256168477,0.0527486540429175
7.167,0.146454,0.00200254,-0.0185431,-0.0895885,-0.195716,0.125182,0.0553118,-0.0462589,0,-0.0607781202504234,0.1003654331923612,0.0846664158868496,-0.0395122786458328,-0.0295362053173702,0.0771856244453112,-0.02921846889673,0.0847132023419332,-0.0607781202504234,0.1003654331923612,0.0846664158868496,-0.0395122786458328,-0.0295362053173702,0.0771856244453112,-0.02921846889673,0.0847132023419332
7.168,0.133027,0.0108931,-0.0320884,-0.0834286,-0.197395,0.0918543,0.0640108,-0.0258775,0,-0.0534728954831445,0.1034448579300754,0.066606420147966,-0.052153694596744,-9.774982119403752e-05,0.0786452841436079,-0.0344079822247403,0.0913286077830285,-0.0534728954831445,0.1034448579300754,0.066606420147966,-0.052153694596744,-9.774982119403752e-05,0.0786452841436079,-0.0344079822247403,0.0913286077830285
7.169,0.120792,0.010617,0.00257372,-0.0702104,-0.179283,0.0406017,0.0644545,-0.0337251,0,-0.0429182743657296,0.0959877958389451,0.1032971641190839,-0.0562010596416979,0.0389107227107038,0.0665834079529918,-0.0514597959677481,0.059199804411886,-0.0429182743657296,0.0959877958389451,0.1032971641190839,-0.0562010596416979,0.0389107227107038,0.0665834079529918,-0.0514597959677481,0.059199804411886
7.17,0.10963,0.00386794,0.0274593,-0.0559664,-0.159813,0.0132822,0.0691036,-0.0339204,0,-0.0315360334156978,0.0818039422907048,0.1289674558952172,-0.0540308682314441,0.0698455500610122,0.0812284227971599,-0.0700343618514797,0.021721483757594,-0.0315360334156978,0.0818039422907048,0.1289674558952172,-0.0540308682314441,0.0698455500610122,0.0812284227971599,-0.0700343618514797,0.021721483757594
7.171,0.0980189,-0.00130725,0.0514875,-0.0444951,-0.153475,-0.0293393,0.0844062,-0.00694214,0,-0.020084034376105,0.0682581008704515,0.1580828901152615,-0.0490900041595536,0.0740991915790733,0.0856325410848651,-0.0774410706427756,0.0054473887044397,-0.020084034376105,0.0682581008704515,0.1580828901152615,-0.0490900041595536,0.0740991915790733,0.0856325410848651,-0.0774410706427756,0.0054473887044397
7.172,0.0867798,-0.00436337,0.0703051,-0.0383352,-0.155629,-0.0755818,0.103777,0.0269401,0,-0.010845210661894,0.0575103863685659,0.1839443798704148,-0.041311324415907,0.0610528641228029,0.0867386231833595,-0.0822832945991874,-0.0087091464002416,-0.010845210661894,0.0575103863685659,0.1839443798704148,-0.041311324415907,0.0610528641228029,0.0867386231833595,-0.0822832945991874,-0.0087091464002416
7.173,0.0709509,-0.0112245,0.0738189,-0.0297124,-0.139536,-0.0947894,0.118665,0.0317722,0,-0.0074078488988423,0.0424382026429199,0.1974551000879,-0.0244535859812001,0.0553645465872415,0.1193172647838824,-0.0861505867161545,-0.0498458335678404,-0.0074078488988423,0.0424382026429199,0.1974551000879,-0.0244535859812001,0.0553645465872415,0.1193172647838824,-0.0861505867161545,-0.0498458335678404
7.174,0.0569282,-0.0184584,0.0647991,-0.0225773,-0.112779,-0.0926537,0.128824,0.0363372,0,-0.0061940351259792,0.0283184070187073,0.2022153701728858,-0.0015974331992239,0.057419950084034,0.1708969242092408,-0.0923735312319859,-0.085801511935272,-0.0061940351259792,0.0283184070187073,0.2022153701728858,-0.0015974331992239,0.057419950084034,0.1708969242092408,-0.0923735312319859,-0.085801511935272
7.175,0.0452519,-0.0117663,0.0138658,-0.0196199,-0.0883711,-0.0926959,0.143287,0.0576439,0,-0.0048475881787036,0.0278185385749375,0.1670906096171962,0.0213138068317065,0.0534353378773063,0.2232333151080448,-0.0855847034597689,-0.0958527309620704,-0.0048475881787036,0.0278185385749375,0.1670906096171962,0.0213138068317065,0.0534353378773063,0.2232333151080448,-0.0855847034597689,-0.0958527309620704
7.176,0.0363699,-0.000913469,-0.0677877,-0.0153236,-0.0654687,-0.0924818,0.162712,0.0818571,0,-0.0044928919046363,0.0329263824970102,0.1053724726558935,0.049148765829042,0.0531661561464178,0.2714682469915305,-0.0701214926641627,-0.0906323075394761,-0.0044928919046363,0.0329263824970102,0.1053724726558935,0.049148765829042,0.0531661561464178,0.2714682469915305,-0.0701214926641627,-0.0906323075394761
7.177,0.0278145,0.00352115,-0.161724,-0.0106178,-0.0390819,-0.0962956,0.176988,0.113318,0,-0.0058220949820686,0.0312776961739585,0.0324294690614108,0.0771467706652956,0.0605841656576186,0.3168819466805749,-0.0511942546586914,-0.0668914682852987,-0.0058220949820686,0.0312776961739585,0.0324294690614108,0.0771467706652956,0.0605841656576186,0.3168819466805749,-0.0511942546586914,-0.0668914682852987
7.178,0.0209957,0.00310376,-0.255466,-0.00914011,-0.0226675,-0.104955,0.208617,0.137983,0,-0.0073069762015572,0.0257905401373793,-0.0370318370652244,0.1004496072697128,0.0691997351397931,0.352316139197695,-0.0131173492134791,-0.0375281490938278,-0.0073069762015572,0.0257905401373793,-0.0370318370652244,0.1004496072697128,0.0691997351397931,0.352316139197695,-0.0131173492134791,-0.0375281490938278
7.179,0.0164121,0.00347347,-0.344608,-0.00479234,-0.0277338,-0.145344,0.240697,0.164348,0,-0.0073843606479172,0.0206050282356092,-0.1019697928902219,0.1223188394923871,0.0649764266667095,0.3558012084081144,0.0307012484443923,0.000541296789444,-0.0073843606479172,0.0206050282356092,-0.1019697928902219,0.1223188394923871,0.0649764266667095,0.3558012084081144,0.0307012484443923,0.000541296789444
7.18,0.0144736,0.00382507,-0.412621,-0.00296805,-0.0377966,-0.221201,0.272812,0.193334,0,-0.0040414540376527,0.0156083605547856,-0.1439341306644188,0.1366652820814428,0.0672009941742015,0.3191863014110853,0.0723063397106155,0.0470117300865669,-0.0040414540376527,0.0156083605547856,-0.1439341306644188,0.1366652820814428,0.0672009941742015,0.3191863014110853,0.0723063397106155,0.0470117300865669
7.181,0.0155108,-0.000796712,-0.441873,-0.00404234,-0.0471075,-0.324086,0.290431,0.205159,0,0.0028381066159545,0.0051545790685698,-0.148234076489133,0.1424781309623063,0.0776030426961349,0.2543352116659724,0.0999890837984843,0.0747911968619232,0.0028381066159545,0.0051545790685698,-0.148234076489133,0.1424781309623063,0.0776030426961349,0.2543352116659724,0.0999890837984843,0.0747911968619232
7.182,0.0112823,-0.0124882,-0.455764,-0.00831827,-0.0620528,-0.431575,0.298862,0.195672,0,0.0073849747039196,-0.0130250581379057,-0.1367868535177656,0.1398870761556865,0.0878467862403157,0.1814898295632212,0.1123890366737071,0.0775576467443222,0.0073849747039196,-0.0130250581379057,-0.1367868535177656,0.1398870761556865,0.0878467862403157,0.1814898295632212,0.1123890366737071,0.0775576467443222
7.183,-0.00102075,-0.0244891,-0.464663,-0.0174396,-0.0767461,-0.522156,0.302757,0.232332,0,0.0051556846198339,-0.0315942935072117,-0.1219051402788901,0.1290272871643451,0.0998585728952214,0.1235604393680968,0.1172751086515959,0.1166780227912301,0.0051556846198339,-0.0315942935072117,-0.1219051402788901,0.1290272871643451,0.0998585728952214,0.1235604393680968,0.1172751086515959,0.1166780227912301
7.184,-0.0152378,-0.0253002,-0.470454,-0.0313626,-0.126497,-0.606461,0.300486,0.246745,0,0.0045428892265122,-0.0402526821860586,-0.1046696238419447,0.1112559796210232,0.0728385949255048,0.0696710776230718,0.1085115508310248,0.122978552221053,0.0045428892265122,-0.0402526821860586,-0.1046696238419447,0.1112559796210232,0.0728385949255048,0.0696710776230718,0.1085115508310248,0.122978552221053
7.185,-0.0175397,-0.0157372,-0.473372,-0.0556719,-0.154975,-0.711378,0.28433,0.241096,0,0.0168035476447108,-0.0377188474415197,-0.0857504098040541,0.0842862079074316,0.0615815097027552,-0.0077760273862634,0.0824163357061653,0.0960016289258833,0.0168035476447108,-0.0377188474415197,-0.0857504098040541,0.0842862079074316,0.0615815097027552,-0.0077760273862634,0.0824163357061653,0.0960016289258833
7.186,-0.0223272,-0.00934813,-0.475058,-0.0816208,-0.148534,-0.835083,0.270428,0.281204,0,0.0288638196734648,-0.0398667467784013,-0.0671994613579637,0.0580903835284149,0.07304105313942,-0.1059337559858475,0.0531074227819099,0.1039816307621677,0.0288638196734648,-0.0398667467784013,-0.0671994613579637,0.0580903835284149,0.07304105313942,-0.1059337559858475,0.0531074227819099,0.1039816307621677
7.187,-0.0384432,-0.0170729,-0.468428,-0.108027,-0.168696,-0.94816,0.258503,0.275301,0,0.0294111565301826,-0.0540821383861481,-0.0404201003350736,0.0371244617742559,0.0484882100495208,-0.1977814695443175,0.0251681301717155,0.0562436303628603,0.0294111565301826,-0.0540821383861481,-0.0404201003350736,0.0371244617742559,0.0484882100495208,-0.1977814695443175,0.0251681301717155,0.0562436303628603
7.188,-0.047897,-0.0219992,-0.461624,-0.137402,-0.175421,-1.03382,0.230588,0.29704,0,0.0364268875411075,-0.0669026219645609,-0.0159067105440495,0.0188737578061406,0.0223481123287167,-0.2649798070489781,-0.0197100382093818,0.0320868370085662,0.0364268875411075,-0.0669026219645609,-0.0159067105440495,0.0188737578061406,0.0223481123287167,-0.2649798070489781,-0.0197100382093818,0.0320868370085662
7.189,-0.0416233,-0.0258756,-0.468041,-0.170458,-0.187459,-1.0856,0.215271,0.327448,0,0.0578545827052056,-0.0754659143625115,-0.0033277833831126,0.0044904651080775,-0.0167593371168103,-0.3042577549493724,-0.0480376551190135,0.0157864104717357,0.0578545827052056,-0.0754659143625115,-0.0033277833831126,0.0044904651080775,-0.0167593371168103,-0.3042577549493724,-0.0480376551190135,0.0157864104717357
7.19,-0.0360322,-0.0309148,-0.470755,-0.206351,-0.191158,-1.1053,0.223621,0.302628,0,0.0758761273132551,-0.0863555763516903,0.0093322108170426,-0.0070725703410833,-0.0585891420829414,-0.3159361143504089,-0.0489116904251272,-0.0497589375599454,0.0758761273132551,-0.0863555763516903,0.0093322108170426,-0.0070725703410833,-0.0585891420829414,-0.3159361143504089,-0.0489116904251272,-0.0497589375599454
7.191,-0.0459675,-0.0347713,-0.46514,-0.243608,-0.159242,-1.10181,0.223166,0.287029,0,0.0768243338347243,-0.0922124297139013,0.0326405513093026,-0.0143938996251451,-0.0656680173497006,-0.3117826619664415,-0.0508855194063126,-0.0970445111268201,0.0768243338347243,-0.0922124297139013,0.0326405513093026,-0.0143938996251451,-0.0656680173497006,-0.3117826619664415,-0.0508855194063126,-0.0970445111268201
7.192,-0.0628328,-0.0318871,-0.480577,-0.27314,-0.105363,-1.08654,0.226387,0.283684,0,0.0666869264109384,-0.092318077821399,0.0295965289875601,-0.0119342180446169,-0.0532702298440776,-0.3022238652444563,-0.0428908242517977,-0.1184214252611887,0.0666869264109384,-0.092318077821399,0.0295965289875601,-0.0119342180446169,-0.0532702298440776,-0.3022238652444563,-0.0428908242517977,-0.1184214252611887
7.193,-0.081984,-0.0253257,-0.501101,-0.293555,-0.0648715,-1.05453,0.22912,0.232041,0,0.0537786498577202,-0.085081859953018,0.0240374076627152,0.0003674276412279,-0.0467967093648756,-0.2838406660475639,-0.0268232185574715,-0.1732467263755799,0.0537786498577202,-0.085081859953018,0.0240374076627152,0.0003674276412279,-0.0467967093648756,-0.2838406660475639,-0.0268232185574715,-0.1732467263755799
7.194,-0.107189,-0.0184706,-0.468266,-0.31435,-0.046163,-1.01797,0.231331,0.0938188,0,0.0308857229204396,-0.0785172178108947,0.0645460770348783,0.0088389919474909,-0.0560191650202825,-0.2686302900733828,-0.0060157064660471,-0.3001944609750372,0.0308857229204396,-0.0785172178108947,0.0645460770348783,0.0088389919474909,-0.0560191650202825,-0.2686302900733828,-0.0060157064660471,-0.3001944609750372
7.195,-0.134549,-0.0220299,-0.461842,-0.342278,-0.033612,-0.981738,0.237236,0.113136,0,0.0073362322337247,-0.0797271283515021,0.0806562687951582,0.0055494871853855,-0.0586281232182174,-0.2610046395136338,0.0245155134893276,-0.2559225268361082,0.0073362322337247,-0.0797271283515021,0.0806562687951582,0.0055494871853855,-0.0586281232182174,-0.2610046395136338,0.0245155134893276,-0.2559225268361082
7.196,-0.142258,-0.0182215,-0.489398,-0.362545,-0.0207908,-0.926651,0.238395,0.259497,0,0.0011371600598167,-0.0745808377935244,0.0536852923383868,0.0017813659512119,-0.0508946308671791,-0.2426160932026578,0.0515547046031254,-0.0769331218778156,0.0011371600598167,-0.0745808377935244,0.0536852923383868,0.0017813659512119,-0.0508946308671791,-0.2426160932026578,0.0515547046031254,-0.0769331218778156
7.197,-0.129404,-0.0109157,-0.550777,-0.368837,-0.0234217,-0.859028,0.231113,0.281593,0,0.0188921626242796,-0.0648463881005521,-0.0061057460085465,0.0042919585425551,-0.0466354085490976,-0.2171417037228757,0.0716600365132317,-0.0159184398231496,0.0188921626242796,-0.0648463881005521,-0.0061057460085465,0.0042919585425551,-0.0466354085490976,-0.2171417037228757,0.0716600365132317,-0.0159184398231496
7.198,-0.102469,0.0184833,-0.616484,-0.369998,-0.0279943,-0.78445,0.225037,0.243809,0,0.0505884586377762,-0.0339448228640007,-0.0803997747587726,0.0022404944856294,-0.0368843566301126,-0.1922268295127276,0.0893615934732789,-0.0178947368880462,0.0505884586377762,-0.0339448228640007,-0.0803997747587726,0.0022404944856294,-0.0368843566301126,-0.1922268295127276,0.0893615934732789,-0.0178947368880462
7.199,-0.0969267,0.064544,-0.66529,-0.37724,-0.029934,-0.717708,0.220676,0.224822,0,0.0649334522977991,0.013161173185889,-0.1377048537823373,-0.0127944776182002,-0.0192707867237051,-0.1781685013699771,0.1062945841212715,-0.0044884358186398,0.0649334522977991,0.013161173185889,-0.1377048537823373,-0.0127944776182002,-0.0192707867237051,-0.1781685013699771,0.1062945841212715,-0.0044884358186398
7.2,-0.126152,0.105424,-0.70313,-0.385991,-0.0430331,-0.654505,0.210658,0.235589,0,0.0460361336297138,0.0545735051256691,-0.1941277446097579,-0.0367966761448182,-0.0130305411595907,-0.1740711364842216,0.110783529090584,0.0266750562534751,0.0460361336297138,0.0545735051256691,-0.1941277446097579,-0.0367966761448182,-0.0130305411595907,-0.1740711364842216,0.110783529090584,0.0266750562534751
7.201,-0.157433,0.147134,-0.715351,-0.394425,-0.0564038,-0.573398,0.168847,0.264743,0,0.0278441695765085,0.0952888604374276,-0.2252403254366649,-0.0632168510398659,-0.0111454298623414,-0.152814186917928,0.0798127529199331,0.065956078451061,0.0278441695765085,0.0952888604374276,-0.2252403254366649,-0.0632168510398659,-0.0111454298623414,-0.152814186917928,0.0798127529199331,0.065956078451061
7.202,-0.151929,0.180661,-0.676091,-0.400963,-0.0486137,-0.4731,0.119767,0.298064,0,0.0485072244346226,0.1280870342363718,-0.2136379874097505,-0.0905510260572121,0.0034424305834981,-0.1177120354866373,0.0348691085246472,0.0955786080203734,0.0485072244346226,0.1280870342363718,-0.2136379874097505,-0.0905510260572121,0.0034424305834981,-0.1177120354866373,0.0348691085246472,0.0955786080203734
7.203,-0.161509,0.209637,-0.60886,-0.405679,-0.0339712,-0.373946,0.0846298,0.349475,0,0.0538828729028158,0.1544166663600977,-0.1742542729514383,-0.1135579148256753,0.0137954705684077,-0.0830320999598384,0.002587820212421,0.1326470302175478,0.0538828729028158,0.1544166663600977,-0.1742542729514383,-0.1135579148256753,0.0137954705684077,-0.0830320999598384,0.002587820212421,0.1326470302175478
7.204,-0.231449,0.23368,-0.537009,-0.400142,-0.0262842,-0.263723,0.0525508,0.427958,0,0.0005000854874545,0.1770688552325217,-0.1368453855566139,-0.1247071489257452,0.0047201641419206,-0.0418666671265219,-0.0302292894789231,0.1895372823579774,0.0005000854874545,0.1770688552325217,-0.1368453855566139,-0.1247071489257452,0.0047201641419206,-0.0418666671265219,-0.0302292894789231,0.1895372823579774
7.205,-0.296056,0.256745,-0.45096,-0.388518,-0.00268175,-0.156112,0.0176774,0.480067,0,-0.0513192521335052,0.1969717646141844,-0.0852287754875931,-0.1238465170972638,-0.0004907879775954,-0.0022011353266529,-0.0623384761238015,0.2156353162682173,-0.0513192521335052,0.1969717646141844,-0.0852287754875931,-0.1238465170972638,-0.0004907879775954,-0.0022011353266529,-0.0623384761238015,0.2156353162682173
7.206,-0.30797,0.255318,-0.342607,-0.374444,0.0266474,-0.0579596,-0.00374341,0.527975,0,-0.049657804318757,0.1945446864942734,-0.0155486366870237,-0.1172287813813812,-0.009651735819255,0.0239642408189154,-0.0803568967729379,0.2419108866508221,-0.049657804318757,0.1945446864942734,-0.0155486366870237,-0.1172287813813812,-0.009651735819255,0.0239642408189154,-0.0803568967729379,0.2419108866508221
7.207,-0.314688,0.231311,-0.262578,-0.36321,0.0273584,0.0503976,-0.0275843,0.453361,0,-0.0493148052684017,0.1680518245887761,0.0255285732173232,-0.1078688915673061,-0.0538819732670205,0.0609939359135403,-0.0926524702304583,0.1506389238984941,-0.0493148052684017,0.1680518245887761,0.0255285732173232,-0.1078688915673061,-0.0538819732670205,0.0609939359135403,-0.0926524702304583,0.1506389238984941
7.208,-0.329542,0.202876,-0.191215,-0.348012,0.0133232,0.163111,-0.05757,0.329645,0,-0.056606327283978,0.1397939613347306,0.0555948091697863,-0.0931951787786395,-0.114039681275852,0.0990916837643536,-0.1076263701935712,0.0249249790714498,-0.056606327283978,0.1397939613347306,0.0555948091697863,-0.0931951787786395,-0.114039681275852,0.0990916837643536,-0.1076263701935712,0.0249249790714498
7.209,-0.293809,0.174358,-0.100896,-0.334359,0.0263831,0.255234,-0.0819716,0.299191,0,-0.0207210157123846,0.109972727860186,0.1032733603124864,-0.0784992568018978,-0.1444181408217628,0.1165722927245237,-0.1069301661853677,0.004898006236408,-0.0207210157123846,0.109972727860186,0.1032733603124864,-0.0784992568018978,-0.1444181408217628,0.1165722927245237,-0.1069301661853677,0.004898006236408
7.21,-0.28982,0.147383,-0.00698168,-0.315655,0.0796824,0.350055,-0.0992236,0.172841,0,-0.0153453404329803,0.0842668316819077,0.1533152625584964,-0.0618837206591178,-0.1258056251825448,0.1349145749544764,-0.0959146539586522,-0.0933749356847268,-0.0153453404329803,0.0842668316819077,0.1533152625584964,-0.0618837206591178,-0.1258056251825448,0.1349145749544764,-0.0959146539586522,-0.0933749356847268
7.211,-0.317394,0.12122,0.026938,-0.289802,0.123956,0.452002,-0.134962,0.156887,0,-0.0479135395271334,0.057435956676507,0.140431707295701,-0.0421467755532954,-0.1058158084118414,0.1601013527659418,-0.0952528119891076,-0.0672554197080312,-0.0479135395271334,0.057435956676507,0.140431707295701,-0.0421467755532954,-0.1058158084118414,0.1601013527659418,-0.0952528119891076,-0.0672554197080312
7.212,-0.339254,0.0945371,0.0337176,-0.262152,0.140205,0.559838,-0.179925,0.180867,0,-0.071943063231678,0.0320053105947641,0.0996300322584038,-0.0281206955358684,-0.0988780439009967,0.1916907747998668,-0.1039915591956343,0.0099474752894459,-0.071943063231678,0.0320053105947641,0.0996300322584038,-0.0281206955358684,-0.0988780439009967,0.1916907747998668,-0.1039915591956343,0.0099474752894459
7.213,-0.344568,0.0661916,0.0801637,-0.232372,0.168261,0.661079,-0.213998,0.0476775,0,-0.083736231966821,0.0022036870429302,0.0941233315626768,-0.0201719900995011,-0.0676706005928633,0.2169877691753439,-0.0987566241787965,-0.0610430504337179,-0.083736231966821,0.0022036870429302,0.0941233315626768,-0.0201719900995011,-0.0676706005928633,0.2169877691753439,-0.0987566241787965,-0.0610430504337179
7.214,-0.369493,0.021052,0.133504,-0.198788,0.211168,0.778293,-0.205053,-0.0193142,0,-0.1105824030166785,-0.043450604503156,0.0950139375733669,-0.0175100304938901,-0.0074357203002415,0.2617402820130251,-0.0552031428729946,-0.0678764248465828,-0.1105824030166785,-0.043450604503156,0.0950139375733669,-0.0175100304938901,-0.0074357203002415,0.2617402820130251,-0.0552031428729946,-0.0678764248465828
7.215,-0.396119,-0.0247084,0.198721,-0.158584,0.245184,0.886105,-0.177499,-0.0202018,0,-0.1416296008763427,-0.0931131798246772,0.102873584380548,-0.0169160295634247,0.0516192886284321,0.2987585622322928,0.0042967523227848,-0.0083469341610805,-0.1416296008763427,-0.0931131798246772,0.102873584380548,-0.0169160295634247,0.0516192886284321,0.2987585622322928,0.0042967523227848,-0.0083469341610805
7.216,-0.332468,-0.0408465,0.262987,-0.115774,0.24426,0.915241,-0.157504,-0.0434902,0,-0.0768708191912204,-0.1131594223715486,0.1099956729879735,-0.0203375332418467,0.0825010159577125,0.2634764144304197,0.048507990517181,0.0133343473821964,-0.0768708191912204,-0.1131594223715486,0.1099956729879735,-0.0203375332418467,0.0825010159577125,0.2634764144304197,0.048507990517181,0.0133343473821964
7.217,-0.24675,-0.0128844,0.371201,-0.0745634,0.231586,0.932078,-0.147,-0.11352,0,0.0079906752469667,-0.0926183828275639,0.1568373015640082,-0.0304890251790465,0.1004179446600312,0.2192207479005793,0.0768061243107708,-0.0188321631570948,0.0079906752469667,-0.0926183828275639,0.1568373015640082,-0.0304890251790465,0.1004179446600312,0.2192207479005793,0.0768061243107708,-0.0188321631570948
7.218,-0.23479,0.0131617,0.521964,-0.0336142,0.217337,0.953528,-0.119945,-0.104181,0,0.0242210256626984,-0.074562729192938,0.247941638339224,-0.0419182411313611,0.1134015637879125,0.1879777243692788,0.1143325556433128,0.0060393711751478,0.0242210256626984,-0.074562729192938,0.247941638339224,-0.0419182411313611,0.1134015637879125,0.1879777243692788,0.1143325556433128,0.0060393711751478
7.219,-0.251704,0.0274081,0.593923,0.00680514,0.203211,0.979934,-0.0958525,-0.0598246,0,0.0086917544933792,-0.0711507157543964,0.2575401831419516,-0.0532195052028798,0.1172648407856591,0.1663430490134875,0.1422377864215452,0.0571105182929824,0.0086917544933792,-0.0711507157543964,0.2575401831419516,-0.0532195052028798,0.1172648407856591,0.1663430490134875,0.1422377864215452,0.0571105182929824
7.22,-0.276978,0.0334811,0.560395,0.0457407,0.182167,1.008,-0.108521,-0.0324453,0,-0.0118974769100778,-0.0765123291145943,0.1655938162387736,-0.0609399842312752,0.1033626280907856,0.1554808579863429,0.1300484125051778,0.0719526718288158,-0.0118974769100778,-0.0765123291145943,0.1655938162387736,-0.0609399842312752,0.1033626280907856,0.1554808579863429,0.1300484125051778,0.0719526718288158
7.221,-0.297817,0.0388252,0.525425,0.0852132,0.145374,1.01645,-0.128651,-0.0206551,0,-0.0325698657670027,-0.084153208096016,0.0709325817177462,-0.0624283554718011,0.062115182549488,0.1302254931234883,0.1066363243375491,0.06746845303206,-0.0325698657670027,-0.084153208096016,0.0709325817177462,-0.0624283554718011,0.062115182549488,0.1302254931234883,0.1066363243375491,0.06746845303206
7.222,-0.298972,0.0328542,0.483038,0.124816,0.110166,1.01756,-0.157142,-0.0585466,0,-0.0328458920369195,-0.1032968721687388,-0.0247045716498511,-0.0551714994051938,0.0106318312238593,0.1062067477384697,0.0772829753209543,0.0053531654068774,-0.0328458920369195,-0.1032968721687388,-0.0247045716498511,-0.0551714994051938,0.0106318312238593,0.1062067477384697,0.0772829753209543,0.0053531654068774
7.223,-0.256141,0.0193044,0.454375,0.166315,0.0843882,1.00284,-0.190435,-0.0935796,0,0.0053314773093377,-0.1301199806357801,-0.1074462656262916,-0.0385860890004122,-0.0378874466873209,0.0713371049100737,0.0433338415183141,-0.0486288598792405,0.0053314773093377,-0.1301199806357801,-0.1074462656262916,-0.0385860890004122,-0.0378874466873209,0.0713371049100737,0.0433338415183141,-0.0486288598792405
7.224,-0.257174,0.0347582,0.472417,0.207655,0.0803947,0.972215,-0.21124,-0.101751,0,-0.0019885118148394,-0.1275268307571884,-0.1348175844739546,-0.0142608795514289,-0.0705999131347086,0.0278898825749349,0.028975107810529,-0.0701579454867947,-0.0019885118148394,-0.1275268307571884,-0.1348175844739546,-0.0142608795514289,-0.0705999131347086,0.0278898825749349,0.028975107810529,-0.0701579454867947
7.225,-0.265446,0.063014,0.519824,0.259815,0.0965994,0.948415,-0.238775,-0.133457,0,-0.021380443362815,-0.1111740412187972,-0.1344718331648188,0.0260189349317694,-0.079219558366808,-0.0044645717293217,0.0105723773634265,-0.1022834492582261,-0.021380443362815,-0.1111740412187972,-0.1344718331648188,0.0260189349317694,-0.079219558366808,-0.0044645717293217,0.0105723773634265,-0.1022834492582261
7.226,-0.242247,0.0892839,0.555176,0.328596,0.109487,0.93327,-0.295903,-0.190108,0,-0.0122891631097763,-0.0959021127075396,-0.1361215668356112,0.0863358758097056,-0.0879258599691242,-0.0220370329892815,-0.0290859352474109,-0.1450437408810807,-0.0122891631097763,-0.0959021127075396,-0.1361215668356112,0.0863358758097056,-0.0879258599691242,-0.0220370329892815,-0.0290859352474109,-0.1450437408810807
7.227,-0.263604,0.112171,0.576876,0.405373,0.11654,0.910556,-0.336866,-0.235136,0,-0.0499179402512824,-0.0827511598439337,-0.1545787872195904,0.1549347569811708,-0.0882375196203675,-0.0435575167680881,-0.0505442036180281,-0.1617341735657637,-0.0499179402512824,-0.0827511598439337,-0.1545787872195904,0.1549347569811708,-0.0882375196203675,-0.0435575167680881,-0.0505442036180281,-0.1617341735657637
7.228,-0.26286,0.124824,0.62263,0.477656,0.158139,0.864249,-0.364876,-0.249161,0,-0.0686617994284198,-0.0787589315403317,-0.1388383610674284,0.2167154869294019,-0.043541881626068,-0.0830763966098835,-0.0535765985177615,-0.1336841357244941,-0.0686617994284198,-0.0787589315403317,-0.1388383610674284,0.2167154869294019,-0.043541881626068,-0.0830763966098835,-0.0535765985177615,-0.1336841357244941
7.229,-0.187725,0.126387,0.677939,0.536124,0.20217,0.821135,-0.385639,-0.26322,0,-0.0112559181783576,-0.0850507984098765,-0.1175545591779177,0.2604502732615819,0.0226203867508115,-0.1159979228154661,-0.0508907450217104,-0.0973983726029859,-0.0112559181783576,-0.0850507984098765,-0.1175545591779177,0.2604502732615819,0.0226203867508115,-0.1159979228154661,-0.0508907450217104,-0.0973983726029859
7.23,-0.083789,0.126134,0.698328,0.572132,0.220931,0.780186,-0.389245,-0.296256,0,0.0721019570997571,-0.0922415756035018,-0.1225658513350788,0.2755893812086164,0.0749714208316382,-0.1408440031477345,-0.0310698545782139,-0.0757035656034527,0.0721019570997571,-0.0922415756035018,-0.1225658513350788,0.2755893812086164,0.0749714208316382,-0.1408440031477345,-0.0310698545782139,-0.0757035656034527
7.231,-0.0253322,0.140573,0.710239,0.589046,0.224061,0.749014,-0.388559,-0.274433,0,0.115569481457447,-0.0847580330112708,-0.1386894993891436,0.2659150124747417,0.1272337309565731,-0.1523062256278318,-0.0129947394316538,-0.001978345042755,0.115569481457447,-0.0847580330112708,-0.1386894993891436,0.2659150124747417,0.1272337309565731,-0.1523062256278318,-0.0129947394316538,-0.001978345042755
7.232,-0.0221325,0.154041,0.660717,0.597708,0.202994,0.732667,-0.394699,-0.203345,0,0.1010122642029108,-0.0776035833541479,-0.2108571224647715,0.2421459264644283,0.1607082445476088,-0.1421631851983835,-0.0070898671793576,0.1124530040538575,0.1010122642029108,-0.0776035833541479,-0.2108571224647715,0.2421459264644283,0.1607082445476088,-0.1421631851983835,-0.0070898671793576,0.1124530040538575
7.233,-0.0261678,0.167924,0.586154,0.599035,0.117268,0.732549,-0.392387,-0.169014,0,0.0871445728626463,-0.0706328162459513,-0.3060914347782367,0.2078963878596117,0.1348079038337499,-0.1119418865297605,-0.0016007272021256,0.1770009624492074,0.0871445728626463,-0.0706328162459513,-0.3060914347782367,0.2078963878596117,0.1348079038337499,-0.1119418865297605,-0.0016007272021256,0.1770009624492074
7.234,-0.010873,0.179155,0.620875,0.59033,0.0509202,0.724926,-0.377033,-0.184334,0,0.0889766693909756,-0.0657856002942145,-0.2914654449493218,0.1621611608350134,0.1237544539444962,-0.0816469180824188,0.0091006753802333,0.1739024275686485,0.0889766693909756,-0.0657856002942145,-0.2914654449493218,0.1621611608350134,0.1237544539444962,-0.0816469180824188,0.0091006753802333,0.1739024275686485
7.235,0.0174217,0.182279,0.694033,0.572192,0.0634608,0.691526,-0.355424,-0.250054,0,0.1118895830150923,-0.0694646367015748,-0.2287748262129115,0.1092463593973147,0.1850017334453089,-0.0735289572755809,0.0178714728390899,0.1033516875323535,0.1118895830150923,-0.0694646367015748,-0.2287748262129115,0.1092463593973147,0.1850017334453089,-0.0735289572755809,0.0178714728390899,0.1033516875323535
7.236,0.0857314,0.19321,0.803744,0.552307,0.0772439,0.647312,-0.335593,-0.333769,0,0.1695007670179643,-0.0646062675627078,-0.1348172934840273,0.0593764005084265,0.2345903937788765,-0.0685730017778226,0.0185150232798146,-0.0039598157922836,0.1695007670179643,-0.0646062675627078,-0.1348172934840273,0.0593764005084265,0.2345903937788765,-0.0685730017778226,0.0185150232798146,-0.0039598157922836
7.237,0.0922731,0.211414,1.01037,0.526686,0.04164,0.609531,-0.328702,-0.379751,0,0.1716977684407263,-0.0517675824719829,0.0747737491062112,0.0113610048790788,0.2208104464902499,-0.0546689595843715,0.0022076559006713,-0.085751835785564,0.1716977684407263,-0.0517675824719829,0.0747737491062112,0.0113610048790788,0.2208104464902499,-0.0546689595843715,0.0022076559006713,-0.085751835785564
7.238,0.0391473,0.251247,1.02425,0.499034,-0.00718199,0.596527,-0.330795,-0.343121,0,0.107224778784304,-0.016130862387626,0.0802620602133209,-0.0290901063889368,0.1787917968447455,-0.0093137853190905,-0.0249978475847227,-0.0952907073960336,0.107224778784304,-0.016130862387626,0.0802620602133209,-0.0290901063889368,0.1787917968447455,-0.0093137853190905,-0.0249978475847227,-0.0952907073960336
7.239,-0.0117925,0.283785,1.05725,0.471859,-0.0613098,0.584235,-0.336967,-0.280876,0,0.0486661204721701,0.0147496652677069,0.131469020818143,-0.0591699104765162,0.1182520981217067,0.0374692669826417,-0.0545641946312803,-0.0799974500830603,0.0486661204721701,0.0147496652677069,0.131469020818143,-0.0591699104765162,0.1182520981217067,0.0374692669826417,-0.0545641946312803,-0.0799974500830603
7.24,-0.0830576,0.327372,1.3201,0.440238,-0.104654,0.512221,-0.344369,-0.260789,0,-0.0377725267629274,0.0582218276466911,0.395997170162157,-0.0833338365780619,0.0588704775522306,0.0293415348239373,-0.0824546304712995,-0.1041578186335412,-0.0377725267629274,0.0582218276466911,0.395997170162157,-0.0833338365780619,0.0588704775522306,0.0293415348239373,-0.0824546304712995,-0.1041578186335412
7.241,-0.14638,0.487683,1.21507,0.41131,-0.0943818,0.422481,-0.335657,-0.277837,0,-0.1148733420864049,0.222900496893027,0.3233916333896893,-0.0970532670435226,0.0481904040242273,0.002205427772827,-0.0880742789715057,-0.1540356403074294,-0.1148733420864049,0.222900496893027,0.3233916333896893,-0.0970532670435226,0.0481904040242273,0.002205427772827,-0.0880742789715057,-0.1540356403074294
7.242,-0.125029,0.6443,1.03309,0.389083,-0.101036,0.340038,-0.327902,-0.248015,0,-0.1133887926339796,0.3853883739558677,0.1542813971451188,-0.097459117690423,0.0209790135057389,-0.0150368780896242,-0.0892475250751129,-0.1438645280869189,-0.1133887926339796,0.3853883739558677,0.1542813971451188,-0.097459117690423,0.0209790135057389,-0.0150368780896242,-0.0892475250751129,-0.1438645280869189
7.243,-0.0464318,0.643837,1.00497,0.37696,-0.193758,0.265871,-0.324476,-0.168077,0,-0.0545476217260832,0.3966605594343388,0.1688105095206659,-0.0856200934680317,-0.0860543597796732,-0.0268057301647502,-0.0876933335132231,-0.0655587102014185,-0.0545476217260832,0.3966605594343388,0.1688105095206659,-0.0856200934680317,-0.0860543597796732,-0.0268057301647502,-0.0876933335132231,-0.0655587102014185
7.244,0.0765852,0.574426,1.00523,0.369992,-0.289645,0.199344,-0.301323,-0.117155,0,0.0461675044244795,0.3397982783977933,0.1921889283650828,-0.0683490571252707,-0.1868336029127976,-0.0302034639989326,-0.0622086231355328,-0.0011186611346616,0.0461675044244795,0.3397982783977933,0.1921889283650828,-0.0683490571252707,-0.1868336029127976,-0.0302034639989326,-0.0622086231355328,-0.0011186611346616
7.245,0.176581,0.487112,0.96726,0.364579,-0.322168,0.151916,-0.272607,-0.0555155,0,0.1236551341571405,0.2711801171328694,0.201571288177398,-0.0535518335326276,-0.2102474069945351,-0.0178420899243817,-0.0271854103934934,0.0896430912469185,0.1236551341571405,0.2711801171328694,0.201571288177398,-0.0535518335326276,-0.2102474069945351,-0.0178420899243817,-0.0271854103934934,0.0896430912469185
7.246,0.201288,0.399134,0.942428,0.353356,-0.333023,0.116301,-0.243502,0.00776068,0,0.1279527028634306,0.2014765589884974,0.2079453282177477,-0.049889007554516,-0.1997708336134098,0.0060184902381437,0.0082578669630508,0.1892905829387498,0.1279527028634306,0.2014765589884974,0.2079453282177477,-0.049889007554516,-0.1997708336134098,0.0060184902381437,0.0082578669630508,0.1892905829387498
7.247,0.166527,0.30908,0.886315,0.339946,-0.374615,0.0804626,-0.216353,-0.00320676,0,0.0724041017333883,0.1350628193418447,0.1990667769500037,-0.0558713818554063,-0.2060525365913563,0.0267811867448389,0.0403030640668734,0.2202334715705805,0.0724041017333883,0.1350628193418447,0.1990667769500037,-0.0558713818554063,-0.2060525365913563,0.0267811867448389,0.0403030640668734,0.2202334715705805
7.248,0.0708762,0.219319,0.833906,0.33316,-0.457104,0.0361581,-0.19742,0.00909514,0,-0.0377443954195472,0.0672732451718071,0.1837723049867949,-0.0624851402065201,-0.2463355397077012,0.0385433756667471,0.0594479592865138,0.2679952868062651,-0.0377443954195472,0.0672732451718071,0.1837723049867949,-0.0624851402065201,-0.2463355397077012,0.0385433756667471,0.0594479592865138,0.2679952868062651
7.249,-0.00910882,0.138291,0.771396,0.334867,-0.559815,-0.0101584,-0.184947,-0.019591,0,-0.1335119993810937,0.0121871550477795,0.166006342204029,-0.0668391447097801,-0.3008734394474077,0.0464129966730865,0.0658104343341608,0.2680985093765289,-0.1335119993810937,0.0121871550477795,0.166006342204029,-0.0668391447097801,-0.3008734394474077,0.0464129966730865,0.0658104343341608,0.2680985093765289
7.25,-0.00403977,0.0746316,0.694789,0.3381,-0.583956,-0.0528979,-0.17099,-0.232123,0,-0.1354864037332053,-0.0278560129155671,0.1312128847081519,-0.0742101099442862,-0.2808595498235511,0.0574932443892278,0.0665242299486636,0.0658845551883322,-0.1354864037332053,-0.0278560129155671,0.1312128847081519,-0.0742101099442862,-0.2808595498235511,0.0574932443892278,0.0665242299486636,0.0658845551883322
7.251,0.0438288,0.0186465,0.622746,0.336836,-0.508841,-0.108514,-0.155096,-0.355309,0,-0.0978453438204237,-0.0577054925780789,0.1020324615591805,-0.0869839113775632,-0.1674320748562586,0.0546433505314138,0.0611079436917343,-0.0613466237277894,-0.0978453438204237,-0.0577054925780789,0.1020324615591805,-0.0869839113775632,-0.1674320748562586,0.0546433505314138,0.0611079436917343,-0.0613466237277894
7.252,0.0452636,-0.0274418,0.52669,0.330888,-0.435135,-0.184691,-0.135481,-0.31744,0,-0.0976544044014998,-0.0796504685714301,0.0524018386938146,-0.1031782366198705,-0.0700804653938331,0.0308252613826951,0.0537335201369401,-0.0494273530662883,-0.0976544044014998,-0.0796504685714301,0.0524018386938146,-0.1031782366198705,-0.0700804653938331,0.0308252613826951,0.0537335201369401,-0.0494273530662883
7.253,0.0569788,-0.0582479,0.429699,0.318006,-0.420535,-0.278627,-0.122686,-0.340116,0,-0.0927564657001309,-0.0849412723363002,-0.0009930709377522,-0.1205787976761119,-0.0469681645807501,-0.0116922794801904,0.0337970391931461,-0.1113696984101524,-0.0927564657001309,-0.0849412723363002,-0.0009930709377522,-0.1205787976761119,-0.0469681645807501,-0.0116922794801904,0.0337970391931461,-0.1113696984101524
7.254,0.074617,-0.0820078,0.321936,0.305528,-0.409391,-0.377106,-0.127159,-0.272961,0,-0.0745262513861284,-0.0838740555972805,-0.0574630616293026,-0.1306610433266909,-0.0464530451370568,-0.0598365013606289,-0.0042320238202258,-0.0976131218700104,-0.0745262513861284,-0.0838740555972805,-0.0574630616293026,-0.1306610433266909,-0.0464530451370568,-0.0598365013606289,-0.0042320238202258,-0.0976131218700104
7.255,0.0582288,-0.103038,0.214886,0.289856,-0.377102,-0.470785,-0.122321,-0.155819,0,-0.0977157179047879,-0.0795523795277135,-0.1175143285837936,-0.1338370312694367,-0.0417841958294126,-0.1048259167723638,-0.0335434642645619,-0.0381159236229619,-0.0977157179047879,-0.0795523795277135,-0.1175143285837936,-0.1338370312694367,-0.0417841958294126,-0.1048259167723638,-0.0335434642645619,-0.0381159236229619
7.256,0.0268292,-0.123659,0.115633,0.273583,-0.339505,-0.566515,-0.10165,-0.1156,0,-0.1308540977701597,-0.0736890184293458,-0.1612043972795627,-0.1283868318060487,-0.0464485333940056,-0.1542545185890652,-0.0420238611070436,-0.0541164642445108,-0.1308540977701597,-0.0736890184293458,-0.1612043972795627,-0.1283868318060487,-0.0464485333940056,-0.1542545185890652,-0.0420238611070436,-0.0541164642445108
7.257,0.00119108,-0.145865,0.0210361,0.257543,-0.284083,-0.642518,-0.0752572,-0.122839,0,-0.1657572475926628,-0.0697252665341341,-0.2045573192838031,-0.1129145720382772,-0.0437522605157205,-0.186731390030473,-0.0401417109666309,-0.110080542371868,-0.1657572475926628,-0.0697252665341341,-0.2045573192838031,-0.1129145720382772,-0.0437522605157205,-0.186731390030473,-0.0401417109666309,-0.110080542371868
7.258,-0.00507464,-0.161438,-0.0610034,0.240326,-0.206601,-0.690093,-0.0575772,-0.160943,0,-0.1782210045146614,-0.0563633261556735,-0.2290358311163985,-0.0917908136709574,-0.0220716983729402,-0.1946762306788338,-0.0382645165457756,-0.1798603885787047,-0.1782210045146614,-0.0563633261556735,-0.2290358311163985,-0.0917908136709574,-0.0220716983729402,-0.1946762306788338,-0.0382645165457756,-0.1798603885787047
7.259,0.0557212,-0.17893,-0.125173,0.222857,-0.129835,-0.718268,-0.0383068,-0.142364,0,-0.1290724085070102,-0.0463794137824866,-0.2395334195557782,-0.0660684035970026,-0.0002895408008704,-0.1868985994659494,-0.027601089443508,-0.17807848112783,-0.1290724085070102,-0.0463794137824866,-0.2395334195557782,-0.0660684035970026,-0.0002895408008704,-0.1868985994659494,-0.027601089443508,-0.17807848112783
7.26,0.110008,-0.198614,-0.171287,0.205235,-0.0691726,-0.737813,-0.0156717,-0.0878055,0,-0.0843370472040774,-0.0350254179622055,-0.2298946015843291,-0.0395636942357681,0.0151615244748659,-0.1755016475389025,-0.005359555932704,-0.11546066247919,-0.0843370472040774,-0.0350254179622055,-0.2298946015843291,-0.0395636942357681,0.0151615244748659,-0.1755016475389025,-0.005359555932704,-0.11546066247919
7.261,0.167403,-0.208645,-0.191534,0.187543,-0.00799491,-0.752408,0.00119381,-0.0388152,0,-0.0381429902465421,-0.0169852721941806,-0.1978951716583585,-0.0152856555427311,0.0417176977582585,-0.1629633310269718,0.0168944468219686,-0.0451717263846622,-0.0381429902465421,-0.0169852721941806,-0.1978951716583585,-0.0152856555427311,0.0417176977582585,-0.1629633310269718,0.0168944468219686,-0.0451717263846622
7.262,0.230485,-0.224406,-0.20207,0.168446,0.0488631,-0.740461,0.0115492,-0.0134445,0,0.0158054134671037,-0.0014772787677083,-0.1586844017922588,0.0023174991109217,0.0812255148084169,-0.1291968714419686,0.0362416928920606,0.0224492443285168,0.0158054134671037,-0.0014772787677083,-0.1586844017922588,0.0023174991109217,0.0812255148084169,-0.1291968714419686,0.0362416928920606,0.0224492443285168
7.263,0.270233,-0.244925,-0.20273,0.148228,0.097261,-0.712644,0.0233118,-0.00509236,0,0.048883692521241,0.0047473405728313,-0.1127006260045741,0.0112921997228225,0.1256822543745043,-0.0825856424916079,0.0582921494933604,0.0759599785443127,0.048883692521241,0.0047473405728313,-0.1127006260045741,0.0112921997228225,0.1256822543745043,-0.0825856424916079,0.0582921494933604,0.0759599785443127
7.264,0.300796,-0.279237,-0.196997,0.127853,0.142192,-0.680424,0.0369097,-0.0228001,0,0.0751293364755021,-0.0010334452932005,-0.0662441068497833,0.0117524681609555,0.1821899758150599,-0.0363420619396394,0.0793401776000257,0.110836916645661,0.0751293364755021,-0.0010334452932005,-0.0662441068497833,0.0117524681609555,0.1821899758150599,-0.0363420619396394,0.0793401776000257,0.110836916645661
7.265,0.331604,-0.319413,-0.225478,0.106748,0.195764,-0.648765,0.0470293,-0.0386993,0,0.1068674505060809,-0.0182533746137708,-0.056328840195256,0.0031748583880529,0.2550361092640693,0.0076871862926294,0.0932390881458228,0.136861222508011,0.1068674505060809,-0.0182533746137708,-0.056328840195256,0.0031748583880529,0.2550361092640693,0.0076871862926294,0.0932390881458228,0.136861222508011
7.266,0.347385,-0.372716,-0.263345,0.0886735,0.223691,-0.619111,0.0604494,-0.0372948,0,0.1258446901037374,-0.0487924584967687,-0.0631873591973677,-0.0089112837180642,0.3077194301828663,0.045957812729673,0.102647394832533,0.1714740345526939,0.1258446901037374,-0.0487924584967687,-0.0631873591973677,-0.0089112837180642,0.3077194301828663,0.045957812729673,0.102647394832533,0.1714740345526939
7.267,0.292601,-0.421902,-0.282025,0.0768542,0.194509,-0.585612,0.0652682,-0.0103429,0,0.0798901974835416,-0.080809180845573,-0.0518204556089758,-0.0188292414212822,0.2999804057567527,0.0877376875473887,0.0971898165827026,0.211988152028809,0.0798901974835416,-0.080809180845573,-0.0518204556089758,-0.0188292414212822,0.2999804057567527,0.0877376875473887,0.0971898165827026,0.211988152028809
7.268,0.254633,-0.43938,-0.288939,0.064806,0.122708,-0.549641,0.0598049,0.0206924,0,0.0522620381188452,-0.0832407308051596,-0.0357241352370266,-0.029671134160172,0.2421678775218478,0.1291718014409606,0.0727864390124337,0.237238106009211,0.0522620381188452,-0.0832407308051596,-0.0357241352370266,-0.029671134160172,0.2421678775218478,0.1291718014409606,0.0727864390124337,0.237238106009211
7.269,0.279591,-0.405183,-0.296251,0.0504908,0.0480873,-0.529418,0.0540377,0.0627723,0,0.091209004173016,-0.0384002194248379,-0.0192085785083754,-0.0398918232280053,0.1682489445309481,0.1551699457122023,0.0431189603440864,0.255395871889177,0.091209004173016,-0.0384002194248379,-0.0192085785083754,-0.0398918232280053,0.1682489445309481,0.1551699457122023,0.0431189603440864,0.255395871889177
7.27,0.279122,-0.386874,-0.300971,0.0364217,-0.00635073,-0.518543,0.0572752,0.0672385,0,0.1051208366093065,-0.0129577305681347,-0.005841247807165,-0.0438305904007308,0.0981983818178887,0.1694258876713181,0.0174711930455984,0.2162968155622608,0.1051208366093065,-0.0129577305681347,-0.005841247807165,-0.0438305904007308,0.0981983818178887,0.1694258876713181,0.0174711930455984,0.2162968155622608
7.271,0.249584,-0.390815,-0.301252,0.0233542,-0.0457466,-0.50788,0.0661284,-0.00468061,0,0.0903816262022175,-0.0121023625565689,0.014368848269189,-0.0379921054058734,0.0270075804213746,0.1834706044452363,-0.0029801050137768,0.0952440114819301,0.0903816262022175,-0.0121023625565689,0.014368848269189,-0.0379921054058734,0.0270075804213746,0.1834706044452363,-0.0029801050137768,0.0952440114819301
7.272,0.246192,-0.380493,-0.299083,0.0112258,-0.0696826,-0.495933,0.0783289,-0.0376308,0,0.1013722658990643,-0.0011983354029466,0.0324069812066468,-0.0212909860562222,-0.0449811998445792,0.196226978290384,-0.0187720954254512,0.0025311179676824,0.1013722658990643,-0.0011983354029466,0.0324069812066468,-0.0212909860562222,-0.0449811998445792,0.196226978290384,-0.0187720954254512,0.0025311179676824
7.273,0.269539,-0.394709,-0.291945,-0.00144439,-0.0758056,-0.490634,0.0855143,-0.0940858,0,0.136598886792271,-0.0149945639975832,0.0585023565901363,0.0050819563430891,-0.1088504573495257,0.201255045073617,-0.0347377281742245,-0.1010015142040826,0.136598886792271,-0.0149945639975832,0.0585023565901363,0.0050819563430891,-0.1088504573495257,0.201255045073617,-0.0347377281742245,-0.1010015142040826
7.274,0.274545,-0.41,-0.277008,-0.0116677,-0.0714507,-0.486716,0.0897308,-0.23757,0,0.1531888267013068,-0.0342594179476546,0.0879589798476034,0.0425759305477261,-0.1695305203143787,0.201828864018346,-0.0468059020218689,-0.2900153848653405,0.1531888267013068,-0.0342594179476546,0.0879589798476034,0.0425759305477261,-0.1695305203143787,0.201828864018346,-0.0468059020218689,-0.2900153848653405
7.275,0.269292,-0.418886,-0.280948,-0.0246825,-0.083571,-0.477503,0.0991418,-0.371827,0,0.1556718052058358,-0.0457925961498137,0.1010320094700266,0.0834307523898124,-0.2433770938660397,0.205318751616931,-0.0458572338640513,-0.4419004971568593,0.1556718052058358,-0.0457925961498137,0.1010320094700266,0.0834307523898124,-0.2433770938660397,0.205318751616931,-0.0458572338640513,-0.4419004971568593
7.276,0.255868,-0.420645,-0.349965,-0.0428469,-0.086364,-0.464372,0.108687,-0.32893,0,0.1508608678312257,-0.054520648802367,0.0438080081731995,0.1218472496232314,-0.3021757717439929,0.2092815320262565,-0.0361037191871801,-0.4075206460204276,0.1508608678312257,-0.054520648802367,0.0438080081731995,0.1218472496232314,-0.3021757717439929,0.2092815320262565,-0.0361037191871801,-0.4075206460204276
7.277,0.18443,-0.428163,-0.492109,-0.060355,-0.0477558,-0.460592,0.114716,-0.19954,0,0.0847524299430003,-0.0673508945603841,-0.0857028127506746,0.1593934916785064,-0.3033886965656133,0.2006292346537799,-0.0231294856836907,-0.2541585842285462,0.0847524299430003,-0.0673508945603841,-0.0857028127506746,0.1593934916785064,-0.3033886965656133,0.2006292346537799,-0.0231294856836907,-0.2541585842285462
7.278,0.0919014,-0.422746,-0.525888,-0.0757412,0.00142433,-0.466176,0.114815,-0.106489,0,0.0001356189618424,-0.0714331721357391,-0.113173956376795,0.1940632294335876,-0.2783432354261462,0.1792788733765015,-0.0104014247643528,-0.1299519033474713,0.0001356189618424,-0.0714331721357391,-0.113173956376795,0.1940632294335876,-0.2783432354261462,0.1792788733765015,-0.0104014247643528,-0.1299519033474713
7.279,0.0946178,-0.377766,-0.421957,-0.0863396,0.0430081,-0.47893,0.113333,-0.0313392,0,0.00929914335724,-0.0350898949723924,-0.0039800442657445,0.2245582313498156,-0.2388308669324673,0.1474073286244755,0.0027940211983341,0.0002845477832824,0.00929914335724,-0.0350898949723924,-0.0039800442657445,0.2245582313498156,-0.2388308669324673,0.1474073286244755,0.0027940211983341,0.0002845477832824
7.28,0.139669,-0.334398,-0.302914,-0.094856,0.0968184,-0.502552,0.115447,0.0454735,0,0.0647304958995309,-0.0043210775776835,0.1135854489706764,0.2466248043435735,-0.1699087766522175,0.1019777885338591,0.0189901496728408,0.1286571070615263,0.0647304958995309,-0.0043210775776835,0.1135854489706764,0.2466248043435735,-0.1699087766522175,0.1019777885338591,0.0189901496728408,0.1286571070615263
7.281,0.129365,-0.328115,-0.275973,-0.10434,0.147934,-0.532344,0.109289,0.088337,0,0.0652243171594654,-0.0112013815185813,0.1369035778245052,0.2553565258969816,-0.0861336043517785,0.0477045898541441,0.0232012786158566,0.2292369271644999,0.0652243171594654,-0.0112013815185813,0.1369035778245052,0.2553565258969816,-0.0861336043517785,0.0477045898541441,0.0232012786158566,0.2292369271644999
7.282,0.01543,-0.328944,-0.32575,-0.109615,0.19767,-0.562066,0.0981741,0.124949,0,-0.0338108857986248,-0.0286481627369801,0.0776482758534064,0.2572507163169396,0.0057147626491429,-0.008272187596784,0.0155593613964089,0.3067227176808865,-0.0338108857986248,-0.0286481627369801,0.0776482758534064,0.2572507163169396,0.0057147626491429,-0.008272187596784,0.0155593613964089,0.3067227176808865
7.283,-0.127308,-0.313119,-0.347609,-0.111927,0.238661,-0.585612,0.0906652,0.124662,0,-0.1604712464976663,-0.0313977477440403,0.044320331068444,0.2520273982576309,0.093508084160058,-0.0597164960161249,0.0042158622906842,0.335081771575855,-0.1604712464976663,-0.0313977477440403,0.044320331068444,0.2520273982576309,0.093508084160058,-0.0597164960161249,0.0042158622906842,0.335081771575855
7.284,-0.164655,-0.287229,-0.296266,-0.117329,0.263911,-0.60132,0.0728573,0.0025843,0,-0.1789933273567601,-0.0265261031948726,0.080453344902126,0.2371834500980446,0.1624612162693135,-0.104318791970657,-0.0273354024105241,0.2171267533929069,-0.1789933273567601,-0.0265261031948726,0.080453344902126,0.2371834500980446,0.1624612162693135,-0.104318791970657,-0.0273354024105241,0.2171267533929069
7.285,-0.153333,-0.257758,-0.216245,-0.126758,0.28311,-0.598606,0.0569569,-0.282877,0,-0.1484316050390342,-0.0207975773247509,0.1445603362072389,0.2148085533451856,0.2153782080953086,-0.1313284816698836,-0.0635586366160029,-0.0866097352458651,-0.1484316050390342,-0.0207975773247509,0.1445603362072389,0.2148085533451856,0.2153782080953086,-0.1313284816698836,-0.0635586366160029,-0.0866097352458651
7.286,-0.155402,-0.226786,-0.194353,-0.162241,0.303941,-0.576292,0.0548795,-0.360087,0,-0.1308675138063229,-0.0144491042277019,0.1495295268589129,0.1667072371306054,0.2566475336802071,-0.1394200738442828,-0.0940016975059892,-0.2031197611841853,-0.1308675138063229,-0.0144491042277019,0.1495295268589129,0.1667072371306054,0.2566475336802071,-0.1394200738442828,-0.0940016975059892,-0.2031197611841853
7.287,-0.128571,-0.196837,-0.231212,-0.229764,0.316709,-0.53709,0.0661525,-0.22731,0,-0.085745756556481,-0.0117507307885575,0.0966600700622478,0.0901655372581972,0.2709615244654074,-0.1312903245614758,-0.1127966648213512,-0.1294538105181082,-0.085745756556481,-0.0117507307885575,0.0966600700622478,0.0901655372581972,0.2709615244654074,-0.1312903245614758,-0.1127966648213512,-0.1294538105181082
7.288,-0.0968757,-0.162997,-0.265904,-0.303725,0.309584,-0.484907,0.0987457,-0.203016,0,-0.0377555189979107,-0.004205260295546,0.0472858480474925,0.0126703622181917,0.2503080574511437,-0.1110685288362167,-0.1125531581992847,-0.1709906770169922,-0.0377555189979107,-0.004205260295546,0.0472858480474925,0.0126703622181917,0.2503080574511437,-0.1110685288362167,-0.1125531581992847,-0.1709906770169922
7.289,-0.0895834,-0.125329,-0.265783,-0.36198,0.297342,-0.431738,0.130286,-0.141971,0,-0.0172179043264389,0.0053495637783616,0.0345257917466095,-0.0419961812778173,0.2070766425095738,-0.0911015160511785,-0.1085301478081266,-0.182355059083386,-0.0172179043264389,0.0053495637783616,0.0345257917466095,-0.0419961812778173,0.2070766425095738,-0.0911015160511785,-0.1085301478081266,-0.182355059083386
7.29,-0.110446,-0.0846361,-0.239153,-0.39549,0.276466,-0.382264,0.154954,-0.0419323,0,-0.0282867023776487,0.0204824230076103,0.0507873639813588,-0.0661013512842712,0.1481379259592472,-0.0762145888842472,-0.1070637825715697,-0.1430790148610241,-0.0282867023776487,0.0204824230076103,0.0507873639813588,-0.0661013512842712,0.1481379259592472,-0.0762145888842472,-0.1070637825715697,-0.1430790148610241
7.291,-0.144025,-0.0444837,-0.215371,-0.408004,0.246132,-0.334132,0.152912,0.000183398,0,-0.0557481659280499,0.0343754601033636,0.0655529114781265,-0.0643438614372901,0.0731094660225573,-0.0649078754896122,-0.1228045257037978,-0.1522406757634154,-0.0557481659280499,0.0343754601033636,0.0655529114781265,-0.0643438614372901,0.0731094660225573,-0.0649078754896122,-0.1228045257037978,-0.1522406757634154
7.292,-0.15281,-0.005116,-0.233882,-0.410013,0.236183,-0.289563,0.157599,0.0508488,0,-0.0619134263771463,0.0508763119671122,0.0403984104881725,-0.0512071748915722,0.0250729722898244,-0.0589406985531212,-0.1235758408774814,-0.1283576511884298,-0.0619134263771463,0.0508763119671122,0.0403984104881725,-0.0512071748915722,0.0250729722898244,-0.0589406985531212,-0.1235758408774814,-0.1283576511884298
7.293,-0.11815,0.0360877,-0.347431,-0.407106,0.26295,-0.251162,0.189267,0.133244,0,-0.0273667970545352,0.0695099605895528,-0.0801314098472462,-0.0354147272432537,0.0213627389386328,-0.0622195493209783,-0.0876681100637741,-0.0533980813134305,-0.0273667970545352,0.0695099605895528,-0.0801314098472462,-0.0354147272432537,0.0213627389386328,-0.0622195493209783,-0.0876681100637741,-0.0533980813134305
7.294,-0.075374,0.0593893,-0.439778,-0.399887,0.264365,-0.211919,0.226862,0.113303,0,0.0129089818834847,0.0734816304512988,-0.1781278867135107,-0.0221225826834017,0.0107377902189663,-0.0663834021539562,-0.038376190488042,-0.0562038925934282,0.0129089818834847,0.0734816304512988,-0.1781278867135107,-0.0221225826834017,0.0107377902189663,-0.0663834021539562,-0.038376190488042,-0.0562038925934282
7.295,-0.0790942,0.0812336,-0.381876,-0.397417,0.233223,-0.182099,0.264225,0.050683,0,0.0061659245150676,0.0768817451858794,-0.1282995214581786,-0.0242360695945524,-0.0150137972233361,-0.0831613196303559,0.015897344237703,-0.0839695600560882,0.0061659245150676,0.0768817451858794,-0.1282995214581786,-0.0242360695945524,-0.0150137972233361,-0.0831613196303559,0.015897344237703,-0.0839695600560882
7.296,-0.104407,0.103751,-0.265054,-0.394,0.184855,-0.15348,0.297456,0.0899947,0,-0.0232230613241798,0.0832780074047552,-0.019264664325557,-0.0384160511480833,-0.036478186796364,-0.1022970195018833,0.0685247456955441,0.0011614525518099,-0.0232230613241798,0.0832780074047552,-0.019264664325557,-0.0384160511480833,-0.036478186796364,-0.1022970195018833,0.0685247456955441,0.0011614525518099
7.297,-0.113359,0.126637,-0.218859,-0.370565,0.148931,-0.110468,0.321804,0.143813,0,-0.0342478547001669,0.0910419814008044,0.0154496457154568,-0.0484540102078682,-0.0281130672655469,-0.1093452737731308,0.1106652905019581,0.1068695686184307,-0.0342478547001669,0.0910419814008044,0.0154496457154568,-0.0484540102078682,-0.0281130672655469,-0.1093452737731308,0.1106652905019581,0.1068695686184307
7.298,-0.120859,0.141829,-0.265042,-0.32432,0.109121,-0.0645632,0.327573,0.20114,0,-0.0444090664507647,0.0924001625030847,-0.042205729325007,-0.0497465021862514,-0.0101867464263285,-0.1137819114043092,0.1303465826991924,0.2059845524485321,-0.0444090664507647,0.0924001625030847,-0.042205729325007,-0.0497465021862514,-0.0101867464263285,-0.1137819114043092,0.1303465826991924,0.2059845524485321
7.299,-0.133386,0.148815,-0.291168,-0.270074,0.0556444,-0.0136598,0.317904,0.248909,0,-0.0557461348697783,0.0862690122144926,-0.0832418693992314,-0.0580088402504286,0.0015715402985197,-0.1138155665598162,0.1275305429615616,0.2874179530983745,-0.0557461348697783,0.0862690122144926,-0.0832418693992314,-0.0580088402504286,0.0015715402985197,-0.1138155665598162,0.1275305429615616,0.2874179530983745
7.3,-0.114674,0.152183,-0.252952,-0.222794,0.0014629,0.0397384,0.306267,0.246876,0,-0.0374482724571836,0.0774257809944656,-0.059242817749815,-0.0821540265141231,0.0104678424611686,-0.1108235802747994,0.1146924688260286,0.2905487510816695,-0.0374482724571836,0.0774257809944656,-0.059242817749815,-0.0821540265141231,0.0104678424611686,-0.1108235802747994,0.1146924688260286,0.2905487510816695
7.301,-0.0854699,0.158041,-0.192858,-0.179745,-0.0719851,0.101942,0.301452,0.208981,0,-0.0041926755404398,0.0712151657735913,-0.0150240045500935,-0.1186314571641726,-0.0066262426551944,-0.0976702870264856,0.1005661137886812,0.2421853619916692,-0.0041926755404398,0.0712151657735913,-0.0150240045500935,-0.1186314571641726,-0.0066262426551944,-0.0976702870264856,0.1005661137886812,0.2421853619916692
7.302,-0.0977555,0.162419,-0.166109,-0.140667,-0.096202,0.16625,0.296096,0.236113,0,-0.0163278583779962,0.0652168982108598,-0.0021269653497792,-0.1589146310196015,0.0080025250630998,-0.081403920088372,0.0783232832590707,0.2234264516167094,-0.0163278583779962,0.0652168982108598,-0.0021269653497792,-0.1589146310196015,0.0080025250630998,-0.081403920088372,0.0783232832590707,0.2234264516167094
7.303,-0.138573,0.166864,-0.173949,-0.0961057,-0.0770507,0.228266,0.290946,0.292773,0,-0.0530272366889747,0.0586342260446471,-0.0229751758649411,-0.1921758909315963,0.0487638957817966,-0.0646284267844272,0.0521910547242673,0.2235443563352609,-0.0530272366889747,0.0586342260446471,-0.0229751758649411,-0.1921758909315963,0.0487638957817966,-0.0646284267844272,0.0521910547242673,0.2235443563352609
7.304,-0.149732,0.167041,-0.171096,-0.0542693,-0.0837338,0.28208,0.285225,0.324008,0,-0.0666112725581362,0.051381170010005,-0.029951483828189,-0.2194057791606107,0.0389720319928393,-0.0548521260464151,0.0230390668452668,0.17026950426863,-0.0666112725581362,0.051381170010005,-0.029951483828189,-0.2194057791606107,0.0389720319928393,-0.0548521260464151,0.0230390668452668,0.17026950426863
7.305,-0.122443,0.162793,-0.142715,-0.0137122,-0.131019,0.330446,0.270477,0.319522,0,-0.0387072000310579,0.0381030810043664,-0.0085531685704712,-0.2384914155830788,-0.0293239780450542,-0.0473864624610744,-0.0123777287565399,0.0869334101365977,-0.0387072000310579,0.0381030810043664,-0.0085531685704712,-0.2384914155830788,-0.0293239780450542,-0.0473864624610744,-0.0123777287565399,0.0869334101365977
7.306,-0.0466372,0.158273,-0.110261,0.0374328,-0.161829,0.386396,0.243038,0.328846,0,0.0294561167641027,0.0304792231140381,0.0203159058839264,-0.2343712986186341,-0.1012659666662262,-0.0308149549176969,-0.0556170532840351,0.006619279766717,0.0294561167641027,0.0304792231140381,0.0203159058839264,-0.2343712986186341,-0.1012659666662262,-0.0308149549176969,-0.0556170532840351,0.006619279766717
7.307,-0.0104352,0.148562,-0.106432,0.0915741,-0.163253,0.446199,0.219,0.349905,0,0.0605428666946859,0.0151422184821427,0.0239777981297457,-0.2151684641718329,-0.1518273533735382,-0.0082207252496095,-0.087001536809523,-0.0365304868634366,0.0605428666946859,0.0151422184821427,0.0239777981297457,-0.2151684641718329,-0.1518273533735382,-0.0082207252496095,-0.087001536809523,-0.0365304868634366
7.308,-0.0129181,0.140095,-0.127274,0.134335,-0.183932,0.500208,0.200866,0.278063,0,0.0447977452713415,0.0086073867979098,0.0053531426840935,-0.1973070382708396,-0.2278873661181074,0.0111308016664218,-0.1016641071473658,-0.1661110818156802,0.0447977452713415,0.0086073867979098,0.0053531426840935,-0.1973070382708396,-0.2278873661181074,0.0111308016664218,-0.1016641071473658,-0.1661110818156802
7.309,-0.0182415,0.136992,-0.14082,0.170415,-0.220968,0.547944,0.184371,0.106883,0,0.0290497019567266,0.0044194795240991,-0.0036491488078442,-0.1771897904461427,-0.3130439360712505,0.0243952511455629,-0.1053551277303434,-0.3568036918875963,0.0290497019567266,0.0044194795240991,-0.0036491488078442,-0.1771897904461427,-0.3130439360712505,0.0243952511455629,-0.1053551277303434,-0.3568036918875963
7.31,-0.00116138,0.120085,-0.137295,0.2025,-0.249037,0.589728,0.17079,0.132134,0,0.0295485183561891,-0.0061978555891453,0.0049327905803565,-0.1581866769959912,-0.3797713572440404,0.0364001312941831,-0.0934610237979739,-0.3367087746180542,0.0295485183561891,-0.0061978555891453,0.0049327905803565,-0.1581866769959912,-0.3797713572440404,0.0364001312941831,-0.0934610237979739,-0.3367087746180542
7.311,0.0180742,0.104863,-0.133225,0.230089,-0.264106,0.631552,0.161906,0.219405,0,0.0359750036549114,-0.0176301485971005,0.0142633839872077,-0.1411660886965672,-0.414050765573741,0.0462715647776004,-0.0727235115100304,-0.2178290143335438,0.0359750036549114,-0.0176301485971005,0.0142633839872077,-0.1411660886965672,-0.414050765573741,0.0462715647776004,-0.0727235115100304,-0.2178290143335438
7.312,0.00569869,0.0791569,-0.140728,0.251363,-0.242253,0.689897,0.181891,0.238144,0,0.0077753870254848,-0.0348318799235002,0.0107146019496538,-0.1347318976212052,-0.3927889968200004,0.0805276855971562,-0.0131524900221481,-0.1586000643305782,0.0077753870254848,-0.0348318799235002,0.0107146019496538,-0.1347318976212052,-0.3927889968200004,0.0805276855971562,-0.0131524900221481,-0.1586000643305782
7.313,-0.00900948,0.0545409,-0.151012,0.260555,-0.179493,0.764635,0.235017,0.22807,0,-0.018159230039886,-0.0513541871415387,0.002549282308725,-0.1433363978990401,-0.3091234640083737,0.1270226162848552,0.0744286562687474,-0.1071258478224398,-0.018159230039886,-0.0513541871415387,0.002549282308725,-0.1433363978990401,-0.3091234640083737,0.1270226162848552,0.0744286562687474,-0.1071258478224398
7.314,0.0239992,0.0246914,-0.15364,0.256338,-0.0848038,0.888068,0.366468,0.200277,0,0.0037128172927293,-0.073421601341181,-0.0001103804214303,-0.1718654222112903,-0.1770556417921331,0.2336320512304983,0.2450425034628047,-0.0798141944165215,0.0037128172927293,-0.073421601341181,-0.0001103804214303,-0.1718654222112903,-0.1770556417921331,0.2336320512304983,0.2450425034628047,-0.0798141944165215
7.315,0.0581577,0.0203459,-0.146062,0.247601,-0.00377852,0.987685,0.481254,0.201325,0,0.0311893532144856,-0.0665030012970343,0.0046519097575478,-0.2088410409878828,-0.0469867746811487,0.3112418065600767,0.3847997604801023,-0.0250887484787041,0.0311893532144856,-0.0665030012970343,0.0046519097575478,-0.2088410409878828,-0.0469867746811487,0.3112418065600767,0.3847997604801023,-0.0250887484787041
7.316,0.0625313,0.0231351,-0.138213,0.234964,0.0598202,0.911187,0.389241,0.271084,0,0.0310366887739437,-0.0592559509628568,0.0081164422563056,-0.2510602188155973,0.0701294078123195,0.2270674316793588,0.3179484177767496,0.0760304312696937,0.0310366887739437,-0.0592559509628568,0.0081164422563056,-0.2510602188155973,0.0701294078123195,0.2270674316793588,0.3179484177767496,0.0760304312696937
7.317,0.0822785,0.00299802,-0.1337,0.214742,0.127674,0.834261,0.284077,0.322139,0,0.0491240148177597,-0.0661177594798109,0.0059969779846571,-0.3003339824882773,0.1861540573830578,0.1373384194458569,0.2192692604235408,0.1390402748922733,0.0491240148177597,-0.0661177594798109,0.0059969779846571,-0.3003339824882773,0.1861540573830578,0.1373384194458569,0.2192692604235408,0.1390402748922733
7.318,0.124998,-0.00483293,-0.127097,0.189505,0.192202,0.780069,0.204533,0.348034,0,0.0929819075617952,-0.0740589929181117,0.0060805501197676,-0.3448427387856758,0.288406051440002,0.0859514038988789,0.1452959672047802,0.1481120991475236,0.0929819075617952,-0.0740589929181117,0.0060805501197676,-0.3448427387856758,0.288406051440002,0.0859514038988789,0.1452959672047802,0.1481120991475236
7.319,0.13468,-0.0296168,-0.118716,0.162924,0.241206,0.735088,0.139884,0.351213,0,0.1038625569567467,-0.0843763645892555,0.0073050112615634,-0.382434773445603,0.3544299308775829,0.0395995835391103,0.0698562583723793,0.1106023424157539,0.1038625569567467,-0.0843763645892555,0.0073050112615634,-0.382434773445603,0.3544299308775829,0.0395995835391103,0.0698562583723793,0.1106023424157539
7.32,0.12002,-0.0248535,-0.111669,0.136068,0.275635,0.691135,0.101324,0.343894,0,0.0928199218708303,-0.0837795682307611,0.0091249841005437,-0.3984456614978692,0.3862694438213602,0.0091744215278645,0.0226166358316852,0.041689203732857,0.0928199218708303,-0.0837795682307611,0.0091249841005437,-0.3984456614978692,0.3862694438213602,0.0091744215278645,0.0226166358316852,0.041689203732857
7.321,0.0823531,-0.0364619,-0.107921,0.109854,0.312719,0.647542,0.0749079,0.350159,0,0.0556857170460938,-0.080191912307584,0.0087502871529899,-0.3984838862536222,0.3946208152619569,-0.0236096350125133,-0.0208441084352318,-0.0265335312453331,0.0556857170460938,-0.080191912307584,0.0087502871529899,-0.3984838862536222,0.3946208152619569,-0.0236096350125133,-0.0208441084352318,-0.0265335312453331
7.322,-0.0138004,-0.0230904,-0.106305,0.0857929,0.336798,0.595228,0.0527664,0.365836,0,-0.038050791484029,-0.0731431490622648,0.0090118635242698,-0.3676733493667882,0.3725505697683041,-0.052620443495626,-0.0526261253097855,-0.0870663173797225,-0.038050791484029,-0.0731431490622648,0.0090118635242698,-0.3676733493667882,0.3725505697683041,-0.052620443495626,-0.0526261253097855,-0.0870663173797225
7.323,-0.0971629,-0.0400197,-0.0965842,0.0651743,0.342991,0.539217,0.028799,0.36245,0,-0.1244357369000622,-0.0745480371548795,0.0194044482654788,-0.3150909110497006,0.314123771250363,-0.0865509744017662,-0.0849688995289708,-0.1594008170938731,-0.1244357369000622,-0.0745480371548795,0.0194044482654788,-0.3150909110497006,0.314123771250363,-0.0865509744017662,-0.0849688995289708,-0.1594008170938731
7.324,-0.0830274,-0.0262152,-0.0891434,0.063244,0.33716,0.478923,-0.0142729,0.343968,0,-0.1112858945170095,-0.0668943904926883,0.0294875461931858,-0.2177902220630097,0.2391108070442952,-0.1155588833708159,-0.1248967846282179,-0.2277039140600665,-0.1112858945170095,-0.0668943904926883,0.0294875461931858,-0.2177902220630097,0.2391108070442952,-0.1155588833708159,-0.1248967846282179,-0.2277039140600665
7.325,0.0284814,-0.0235847,-0.0929093,0.082364,0.338634,0.42452,-0.0776979,0.355745,0,-0.0068991327342228,-0.0491568911364097,0.0300581315252107,-0.0831096536852795,0.1699840767421916,-0.1386737843403021,-0.1774844500609533,-0.2403110513205307,-0.0068991327342228,-0.0491568911364097,0.0300581315252107,-0.0831096536852795,0.1699840767421916,-0.1386737843403021,-0.1774844500609533,-0.2403110513205307
7.326,0.108145,0.0104994,-0.105557,0.0988613,0.327153,0.36986,-0.146772,0.383454,0,0.0688384393981727,-0.0193514639149214,0.0214572864972742,0.0627913574345218,0.1000727503643842,-0.15602779392005,-0.2243178175223203,-0.2065177241109889,0.0688384393981727,-0.0193514639149214,0.0214572864972742,0.0627913574345218,0.1000727503643842,-0.15602779392005,-0.2243178175223203,-0.2065177241109889
7.327,0.153974,0.0154227,-0.116501,0.11079,0.291759,0.330915,-0.194583,0.401851,0,0.1056802358460316,-0.0010112297605674,0.0149610472333509,0.2154263221119179,0.0224958461783609,-0.156798525708133,-0.2420382109433815,-0.150435025404253,0.1056802358460316,-0.0010112297605674,0.0149610472333509,0.2154263221119179,0.0224958461783609,-0.156798525708133,-0.2420382109433815,-0.150435025404253
7.328,0.185797,0.010056,-0.122299,0.124288,0.227472,0.334783,-0.198818,0.415475,0,0.1333106481436919,-0.0083530966982032,0.0105600303341894,0.3663408998333209,-0.060476953723912,-0.1110718044788622,-0.2099311147173885,-0.0733750208853799,0.1333106481436919,-0.0083530966982032,0.0105600303341894,0.3663408998333209,-0.060476953723912,-0.1110718044788622,-0.2099311147173885,-0.0733750208853799
7.329,0.170502,0.0107503,-0.131361,0.15031,0.173493,0.354849,-0.176766,0.452357,0,0.1108943378637614,0.0024642891817723,0.0018890668875888,0.536455020558729,-0.1077719298594671,-0.0477067425164412,-0.1494839893932261,0.0492424805085268,0.1108943378637614,0.0024642891817723,0.0018890668875888,0.536455020558729,-0.1077719298594671,-0.0477067425164412,-0.1494839893932261,0.0492424805085268
7.33,0.164282,0.0386267,-0.13036,0.179744,0.129511,0.342514,-0.162684,0.485428,0,0.1033139828245108,0.0298519642379613,-0.0017462123401181,0.691954379192192,-0.1223396435007786,-0.0142845681068346,-0.0988742841300361,0.1748817140024015,0.1033139828245108,0.0298519642379613,-0.0017462123401181,0.691954379192192,-0.1223396435007786,-0.0142845681068346,-0.0988742841300361,0.1748817140024015
7.331,0.155969,0.0662974,-0.127026,0.173532,0.0710988,0.318545,-0.143515,0.45383,0,0.0929014301086294,0.0629765443903194,-0.0046774679778455,0.816662147499142,-0.1299568111102244,0.0092768915751783,-0.049415902490662,0.2384793715580274,0.0929014301086294,0.0629765443903194,-0.0046774679778455,0.816662147499142,-0.1299568111102244,0.0092768915751783,-0.049415902490662,0.2384793715580274
7.332,0.151542,0.0751163,-0.119539,0.184053,0.0283582,0.295979,-0.119393,0.426853,0,0.0915394469999731,0.0713765780033847,-0.0087308257256492,0.9346340679307362,-0.1122999904442597,0.0362783594695095,-0.004032335974977,0.2900053371324962,0.0915394469999731,0.0713765780033847,-0.0087308257256492,0.9346340679307362,-0.1122999904442597,0.0362783594695095,-0.004032335974977,0.2900053371324962
7.333,0.169584,0.0463434,-0.110619,0.256301,0.000185873,0.288167,-0.0819795,0.406062,0,0.113357615446379,0.0428819466038306,-0.012399213556145,1.119482770153277,-0.073265152016551,0.0798754932314108,0.0423512563876072,0.3312179507557503,0.113357615446379,0.0428819466038306,-0.012399213556145,1.119482770153277,-0.073265152016551,0.0798754932314108,0.0423512563876072,0.3312179507557503
7.334,0.0941273,0.0215529,-0.0976639,0.237185,-0.012367,0.28807,-0.0405157,0.397722,0,0.0444316914957361,0.016541972347452,-0.0157089857586953,1.1967432017718396,-0.0279848754813503,0.133030843476833,0.0812959827862023,0.3524469275360103,0.0444316914957361,0.016541972347452,-0.0157089857586953,1.1967432017718396,-0.0279848754813503,0.133030843476833,0.0812959827862023,0.3524469275360103
7.335,0.0499601,0.0174093,-0.0869769,0.130204,-0.0361557,0.278916,0.00407879,0.366737,0,0.0079327616633427,0.0081858411450582,-0.0208662507642173,1.189727188972853,-0.0039614243424878,0.1787124221647266,0.1107515382502622,0.326748453080711,0.0079327616633427,0.0081858411450582,-0.0208662507642173,1.189727188972853,-0.0039614243424878,0.1787124221647266,0.1107515382502622,0.326748453080711
7.336,0.0713757,0.0374735,-0.0782987,0.0475734,-0.0595019,0.254846,0.0481377,0.254726,0,0.0361985148600683,0.0251881943458956,-0.0290262612580262,1.2090351798953534,-0.0037420693172648,0.2107820999421555,0.1318642562957868,0.1881862421507821,0.0361985148600683,0.0251881943458956,-0.0290262612580262,1.2090351798953534,-0.0037420693172648,0.2107820999421555,0.1318642562957868,0.1881862421507821
7.337,0.0881592,0.0803363,-0.0678499,-0.0814187,-0.0999653,0.205984,0.0665254,0.128323,0,0.0606975857317679,0.061099024350139,-0.0335323030250301,1.1769679925196694,-0.0401619704495754,0.2189838234881433,0.1204231922076714,0.0190866806400205,0.0606975857317679,0.061099024350139,-0.0335323030250301,1.1769679925196694,-0.0401619704495754,0.2189838234881433,0.1204231922076714,0.0190866806400205
7.338,0.0929808,0.100654,-0.0587688,-0.306629,-0.132848,0.136092,0.0576435,0.0769749,0,0.0690177248669659,0.0774096497741486,-0.037871091106305,1.073629697100936,-0.0959591923879507,0.2062610111224491,0.0819350179454618,-0.0899071876351788,0.0690177248669659,0.0774096497741486,-0.037871091106305,1.073629697100936,-0.0959591923879507,0.2062610111224491,0.0819350179454618,-0.0899071876351788
7.339,0.00594404,0.101343,-0.0502072,-0.487318,-0.119204,0.0564089,0.0331047,0.109819,0,-0.0139642166691391,0.0705818309416619,-0.0403631932463088,0.991319532456641,-0.1213300180997885,0.1836367515012807,0.0297210804038251,-0.1110845175862856,-0.0139642166691391,0.0705818309416619,-0.0403631932463088,0.991319532456641,-0.1213300180997885,0.1836367515012807,0.0297210804038251,-0.1110845175862856
7.34,-0.106362,0.0617074,-0.0400151,-0.54011,-0.0988638,-0.0310694,-0.00686083,0.192181,0,-0.1284265082466499,0.0270649967473256,-0.0383803370327565,1.0813676192694237,-0.1557716095483292,0.1515594115293683,-0.029522996145999,-0.0732674898953519,-0.1284265082466499,0.0270649967473256,-0.0383803370327565,1.0813676192694237,-0.1557716095483292,0.1515594115293683,-0.029522996145999,-0.0732674898953519
7.341,-0.201183,0.00749028,-0.0284808,-0.576333,-0.0984142,-0.128071,-0.048448,0.204465,0,-0.2245925567204056,-0.0335361607435733,-0.0336800847441371,1.1385250973126289,-0.211434074346157,0.1086138553043296,-0.0812460583014601,-0.0814948191065956,-0.2245925567204056,-0.0335361607435733,-0.0336800847441371,1.1385250973126289,-0.211434074346157,0.1086138553043296,-0.0812460583014601,-0.0814948191065956
7.342,-0.230467,-0.00993095,-0.0137469,-0.572307,-0.0945405,-0.227473,-0.0953239,0.163953,0,-0.2614573413714435,-0.0538037828209372,-0.023201284074246,1.2893415295289836,-0.2600826117939453,0.0597102139845578,-0.1259458445066831,-0.114166880974952,-0.2614573413714435,-0.0538037828209372,-0.023201284074246,1.2893415295289836,-0.2600826117939453,0.0597102139845578,-0.1259458445066831,-0.114166880974952
7.343,-0.222097,0.0123019,0.0043429,-0.672357,-0.105442,-0.326628,-0.140664,0.124974,0,-0.2587102428240239,-0.0362010753685031,-0.0101519692593691,1.2610716071213846,-0.3067796670592916,0.0085219853169875,-0.1581825258338769,-0.1120580013798361,-0.2587102428240239,-0.0362010753685031,-0.0101519692593691,1.2610716071213846,-0.3067796670592916,0.0085219853169875,-0.1581825258338769,-0.1120580013798361
7.344,-0.22805,0.0309599,0.0166773,-0.84969,-0.117622,-0.422525,-0.172217,0.0712879,0,-0.2749706840525957,-0.0190200691488049,-0.0016161847169515,1.2037888540235115,-0.3339405459323715,-0.0444731595769943,-0.1668925354540924,-0.0933725619310367,-0.2749706840525957,-0.0190200691488049,-0.0016161847169515,1.2037888540235115,-0.3339405459323715,-0.0444731595769943,-0.1668925354540924,-0.0933725619310367
7.345,-0.244107,0.0336166,0.0303314,-1.37595,-0.113762,-0.51468,-0.188038,0.0350873,0,-0.2975791421845945,-0.0196904545783992,0.0051106297545902,0.7079331960032411,-0.3171601914832835,-0.0971907490478615,-0.1534627554332385,-0.0318315392157118,-0.2975791421845945,-0.0196904545783992,0.0051106297545902,0.7079331960032411,-0.3171601914832835,-0.0971907490478615,-0.1534627554332385,-0.0318315392157118
7.346,-0.235363,0.0564626,0.042879,-3.07149,-0.110969,-0.592778,-0.187994,-0.0148282,0,-0.2981570007236528,0.0027588077170958,0.0106097500318067,-0.9269123197967836,-0.2748896662591535,-0.141650046781452,-0.1222593428733969,0.0323618190393395,-0.2981570007236528,0.0027588077170958,0.0106097500318067,-0.9269123197967836,-0.2748896662591535,-0.141650046781452,-0.1222593428733969,0.0323618190393395
7.347,-0.174084,0.092242,0.0536578,-3.78435,-0.127511,-0.65368,-0.179905,-0.177477,0,-0.2406988625473471,0.0354699338256439,0.0098627269700612,-1.664271341059666,-0.2264398503850092,-0.1729873688915225,-0.0848380303008663,-0.0122812815195939,-0.2406988625473471,0.0354699338256439,0.0098627269700612,-1.664271341059666,-0.2264398503850092,-0.1729873688915225,-0.0848380303008663,-0.0122812815195939
7.348,-0.107695,0.103406,0.0621072,-3.54399,-0.130784,-0.692695,-0.164203,-0.372786,0,-0.1798718450524276,0.0467027363433452,0.0062672225324,-1.4433717428562771,-0.1472254858226785,-0.1881264057327496,-0.0468665432177795,-0.0982866027629143,-0.1798718450524276,0.0467027363433452,0.0062672225324,-1.4433717428562771,-0.1472254858226785,-0.1881264057327496,-0.0468665432177795,-0.0982866027629143
7.349,-0.0551587,0.0925265,0.0698889,-3.57013,-0.109097,-0.713043,-0.146291,-0.421598,0,-0.1264541329032594,0.0321415028894854,-0.0020764903218285,-1.5484973894779006,-0.0328931841867363,-0.189040895418657,-0.0157905130885155,-0.0577631490985526,-0.1264541329032594,0.0321415028894854,-0.0020764903218285,-1.5484973894779006,-0.0328931841867363,-0.189040895418657,-0.0157905130885155,-0.0577631490985526
7.35,-0.00791154,0.0655554,0.0734733,-3.64676,-0.0490579,-0.715514,-0.121636,-0.317456,0,-0.0805381153373684,0.0052426925387296,-0.0141963327781204,-1.7239750310684716,0.118081839159034,-0.1770652979624492,0.009707280866229,0.1051898296126595,-0.0805381153373684,0.0052426925387296,-0.0141963327781204,-1.7239750310684716,0.118081839159034,-0.1770652979624492,0.009707280866229,0.1051898296126595
7.351,0.0747515,0.0298942,0.0790697,-3.77786,0.0924003,-0.708037,-0.0899376,-0.243194,0,0.0069309655389051,-0.0348043657819785,-0.0263314857537454,-1.9736629359886613,0.340064374293904,-0.1598823911242866,0.0310411264809265,0.205062946354786,0.0069309655389051,-0.0348043657819785,-0.0263314857537454,-1.642345146471356,0.340064374293904,-0.1598823911242866,0.0310411264809265,0.205062946354786
7.352,0.19499,-0.00232784,0.0827971,-3.88839,0.241827,-0.700361,-0.056682,-0.2548,0,0.1281492780647391,-0.0668966864479309,-0.0380936174341789,-2.241965225308293,0.549242805903363,-0.1466328350336781,0.0430495615390532,0.1818895921767232,0.1281492780647391,-0.0668966864479309,-0.0380936174341789,-1.56071526187424,0.549242805903363,-0.1466328350336781,0.0430495615390532,0.1818895921767232
7.353,0.220393,0.0352973,0.0898296,-4.21991,0.297561,-0.687419,-0.0209446,-0.248146,0,0.159284508374746,-0.0334838809523912,-0.0457745173653546,-2.710545097591269,0.6393236899825083,-0.1332249508455913,0.0508268643080802,0.1485623735912417,0.159284508374746,-0.0334838809523912,-0.0457745173653546,-1.4790853772771244,0.6393236899825083,-0.1332249508455913,0.0508268643080802,0.1485623735912417
7.354,0.235352,0.0739614,0.0967959,-4.60301,0.298201,-0.669151,0.0116611,-0.254119,0,0.1745044694427697,0.0060174717340582,-0.0496137497702163,-3.281078045106535,0.6449636495742839,-0.1180206079105684,0.0521639733037109,0.0777766690386754,0.1745044694427697,0.0060174717340582,-0.0496137497702163,-1.397455492680009,0.6449636495742839,-0.1180206079105684,0.0521639733037109,0.0777766690386754
7.355,0.27583,0.0982877,0.108588,-4.60774,0.249855,-0.643423,0.0405685,-0.297797,0,0.2181776920220753,0.0278175434774174,-0.0455667588020909,-3.425220214713131,0.5747138118843867,-0.1008926562671999,0.0519294430545372,-0.0387693615709635,0.2181776920220753,0.0278175434774174,-0.0455667588020909,-1.3158256080828932,0.5747138118843867,-0.1008926562671999,0.0519294430545372,-0.0387693615709635
7.356,0.287556,0.112854,0.121581,-4.09931,0.132714,-0.612015,0.0596399,-0.343771,0,0.2271782862137842,0.0448490449725204,-0.0359353751758053,-3.109561746272256,0.4130431913420703,-0.0814403662369817,0.048360386146629,-0.1573205538460692,0.2271782862137842,0.0448490449725204,-0.0359353751758053,-1.2341957234857774,0.4130431913420703,-0.0814403662369817,0.048360386146629,-0.1573205538460692
7.357,0.26157,0.128062,0.133342,-3.49818,0.0217396,-0.57792,0.0587122,-0.417466,0,0.1999793546692048,0.0605987177733914,-0.0236902179541009,-2.64730968973984,0.2433896938417104,-0.0651568331244051,0.0353210808030609,-0.2869412751386639,0.1999793546692048,0.0605987177733914,-0.0236902179541009,-1.1525658388886617,0.2433896938417104,-0.0651568331244051,0.0353210808030609,-0.2869412751386639
7.358,0.245032,0.142942,0.143204,-2.5867,-0.0277104,-0.545178,0.0426612,-0.457635,0,0.1777397424112846,0.0801702042052216,-0.0101222284748906,-1.9238298892069567,0.1312317383782248,-0.053738197707499,0.0204959802784926,-0.3579749022132176,0.1777397424112846,0.0801702042052216,-0.0101222284748906,-1.070935954291546,0.1312317383782248,-0.053738197707499,0.0204959802784926,-0.3579749022132176
7.359,0.218992,0.127613,0.147764,-1.5026,-0.0534783,-0.503797,0.0200749,-0.413197,0,0.1469690335512273,0.0689953491329236,0.0010918759397554,-0.9893060696944302,0.0486338539424537,-0.0395053820812488,0.0128836032040347,-0.3127557927284972,0.1469690335512273,0.0689953491329236,0.0010918759397554,-0.9893060696944302,0.0486338539424537,-0.0395053820812488,0.0128836032040347,-0.3127557927284972
7.36,0.165787,0.0863441,0.153351,-0.490356,-0.0819862,-0.453757,0.00266706,-0.349985,0,0.0875958703892546,0.0344927026253323,0.0141703522502875,-0.165363956326787,-0.0202825138028739,-0.0203155470882573,0.0239273568091362,-0.2122897413377945,0.0875958703892546,0.0344927026253323,0.0141703522502875,-0.165363956326787,-0.0202825138028739,-0.0203155470882573,0.0239273568091362,-0.2122897413377945
7.361,0.166807,0.0421884,0.15832,0.387773,-0.103384,-0.397256,-0.00517657,-0.349712,0,0.0836449205593812,-0.0024431879824737,0.0277024825744993,0.5342770112854599,-0.060038374829221,7.164566979743492e-05,0.0542441208735871,-0.1469641058544668,0.0836449205593812,-0.0024431879824737,0.0277024825744993,0.5342770112854599,-0.060038374829221,7.164566979743492e-05,0.0542441208735871,-0.1469641058544668
7.362,0.194647,0.0256674,0.162671,1.13858,-0.125534,-0.33979,-0.0103851,-0.344784,0,0.108663075883785,-0.0110604830017618,0.0389292366463054,1.0839106933956963,-0.0732201157944541,0.0178362399060509,0.0939374999182792,-0.0484287813963512,0.108663075883785,-0.0110604830017618,0.0389292366463054,1.0839106933956963,-0.0732201157944541,0.0178362399060509,0.0939374999182792,-0.0484287813963512
7.363,0.175152,0.0288402,0.16287,1.82901,-0.165819,-0.279045,-0.0146994,-0.319507,0,0.0879126909345223,0.0010942637783294,0.0454273867415472,1.5539141055156802,-0.0794168758228217,0.0347058956322712,0.1347452914373853,0.0766376674641114,0.0879126909345223,0.0010942637783294,0.0454273867415472,1.5539141055156802,-0.0794168758228217,0.0347058956322712,0.1347452914373853,0.0766376674641114
7.364,0.155357,0.0361905,0.164404,2.45899,-0.217092,-0.218735,-0.0210431,-0.376741,0,0.0717447800510809,0.0162053828429434,0.0500835943254687,1.961845623701304,-0.0744314783742673,0.0481837859970159,0.1701629446682231,0.1248184464564361,0.0717447800510809,0.0162053828429434,0.0500835943254687,1.5951733475108687,-0.0744314783742673,0.0481837859970159,0.1701629446682231,0.1248184464564361
7.365,0.163052,0.0300592,0.16845,2.91187,-0.251115,-0.155697,-0.0248291,-0.480391,0,0.084385581372672,0.0194700459669436,0.0563007184831093,2.15576601514927,-0.0392598953304511,0.0616263999641463,0.1982323365242968,0.1046520566593793,0.084385581372672,0.0194700459669436,0.0563007184831093,1.6364325895060572,-0.0392598953304511,0.0616263999641463,0.1982323365242968,0.1046520566593793
7.366,0.142591,-0.00748538,0.173872,3.11687,-0.280541,-0.091498,-0.0256737,-0.563495,0,0.0746209509260833,-0.0114752158938774,0.0608979918583242,2.124066114267801,0.003552657234854,0.0744294027743844,0.2177867192406263,0.0849935304132084,0.0746209509260833,-0.0114752158938774,0.0608979918583242,1.6776918315012457,0.003552657234854,0.0744294027743844,0.2177867192406263,0.0849935304132084
7.367,0.0972807,-0.0852361,0.178966,3.38422,-0.322675,-0.0289322,-0.0268085,-0.50049,0,0.0401250107123754,-0.0802168512920898,0.0654259532699034,2.117546005877264,0.0255021572008197,0.0842434139463254,0.2216749422023207,0.1706254127228698,0.0401250107123754,-0.0802168512920898,0.0654259532699034,1.718951073496434,0.0255021572008197,0.0842434139463254,0.2216749422023207,0.1706254127228698
7.368,0.0627945,-0.164343,0.196434,3.54344,-0.354047,0.0395067,-0.0281828,-0.362304,0,0.0210922598909678,-0.1542221187865639,0.0809278972854946,2.047159345296407,0.0379577457720842,0.0996338488165165,0.2121337712470778,0.2965668744987185,0.0210922598909678,-0.1542221187865639,0.0809278972854946,1.7602103154916224,0.0379577457720842,0.0996338488165165,0.2121337712470778,0.2965668744987185
7.369,0.022316,-0.19004,0.223652,3.54914,-0.366562,0.0748734,-0.0269167,-0.355274,0,-0.0056517914708372,-0.1713455298623011,0.1086260982873171,1.801469557486811,0.0426626477410072,0.0817021252693493,0.1919525892837604,0.2526599983632724,-0.0056517914708372,-0.1713455298623011,0.1086260982873171,1.801469557486811,0.0426626477410072,0.0817021252693493,0.1919525892837604,0.2526599983632724
7.37,-0.0364575,-0.158106,0.265344,3.52505,-0.38316,0.08427,-0.0325957,-0.421541,0,-0.0483205090206806,-0.1353537766926559,0.1513940733644594,1.5841487834811752,0.0079220523732195,0.0390794759868237,0.157204436827141,0.1038446352907486,-0.0483205090206806,-0.1353537766926559,0.1513940733644594,1.5841487834811752,0.0079220523732195,0.0390794759868237,0.157204436827141,0.1038446352907486
7.371,-0.083562,-0.0809964,0.33182,3.53552,-0.395935,0.130009,-0.037831,-0.416368,0,-0.0826844046028909,-0.0496017812229826,0.2233591297562698,1.402685581344936,-0.0549064840339468,0.0332051795838896,0.1181664577130911,0.0119323016343379,-0.0826844046028909,-0.0496017812229826,0.2233591297562698,1.402685581344936,-0.0549064840339468,0.0332051795838896,0.1181664577130911,0.0119323016343379
7.372,-0.106024,-0.007407,0.365841,3.47768,-0.399515,0.190354,-0.0440511,-0.426788,0,-0.0921385712674002,0.0279710556323097,0.2646290360736553,1.2115658993379292,-0.1425326713900156,0.0446247223672908,0.0803359744034728,-0.1088698770382223,-0.0921385712674002,0.0279710556323097,0.2646290360736553,1.2115658993379292,-0.1425326713900156,0.0446247223672908,0.0803359744034728,-0.1088698770382223
7.373,-0.0829494,0.00299619,0.311978,3.34641,-0.404234,0.240054,-0.0567274,-0.424923,0,-0.0600447959937838,0.0475503664248706,0.2230227803097669,0.9693242119644024,-0.2517588043836601,0.0460994678906044,0.041689528933663,-0.1963434144065871,-0.0600447959937838,0.0475503664248706,0.2230227803097669,0.9693242119644024,-0.2517588043836601,0.0460994678906044,0.041689528933663,-0.1963434144065871
7.374,-0.0626304,0.018377,0.227393,3.16484,-0.360882,0.285769,-0.0734296,-0.30538,0,-0.0312237099019119,0.0676603244245775,0.1519832836953931,0.7212110373584262,-0.3294443697269253,0.0473968608695585,0.009819462124766,-0.1575487483883511,-0.0312237099019119,0.0676603244245775,0.1519832836953931,0.7212110373584262,-0.3294443697269253,0.0473968608695585,0.009819462124766,-0.1575487483883511
7.375,-0.0491053,0.0350733,0.151715,3.03276,-0.277787,0.327592,-0.0906066,-0.177488,0,-0.0124982597154513,0.0938142429808102,0.0936214098455603,0.5568404834878609,-0.3651443508675098,0.0456533662407711,-0.0103840610309577,-0.0595036425521532,-0.0124982597154513,0.0938142429808102,0.0936214098455603,0.5568404834878609,-0.3651443508675098,0.0456533662407711,-0.0103840610309577,-0.0595036425521532
7.376,-0.0415474,0.0421203,0.0899845,2.92945,-0.187292,0.354277,-0.108023,-0.0810055,0,0.000634688518785,0.1064242519427129,0.0485241601216742,0.4411509579698365,-0.3854271336335652,0.0333723797972624,-0.017509949235818,0.0276432295861598,0.000634688518785,0.1064242519427129,0.0485241601216742,0.4411509579698365,-0.3854271336335652,0.0333723797972624,-0.017509949235818,0.0276432295861598
7.377,-0.0554952,0.032985,0.0499851,2.75325,-0.107437,0.375396,-0.130428,-0.178184,0,-0.0095373206355443,0.1058893639716749,0.0264547143604519,0.2883112923357908,-0.3920202930826326,0.0166448770301773,-0.0185492883896125,-0.0187402644342524,-0.0095373206355443,0.1058893639716749,0.0264547143604519,0.2883112923357908,-0.3920202930826326,0.0166448770301773,-0.0185492883896125,-0.0187402644342524
7.378,-0.0736764,0.0128087,0.0240768,2.57803,-0.0168507,0.390026,-0.160446,-0.489507,0,-0.0215801968882299,0.091365140698669,0.0153344552737147,0.1308492178302828,-0.3611648023056432,-0.0014705827053387,-0.0190678470286398,-0.2647052205330197,-0.0215801968882299,0.091365140698669,0.0153344552737147,0.1308492178302828,-0.3611648023056432,-0.0014705827053387,-0.0190678470286398,-0.2647052205330197
7.379,-0.102422,-0.00821084,-0.0312845,2.40091,0.058829,0.40096,-0.186804,-0.786248,0,-0.0446520309179998,0.0764788606262231,-0.026381566485876,0.0018864808905174,-0.3113297168098235,-0.0215745593765989,-0.013122112123984,-0.4521333829433046,-0.0446520309179998,0.0764788606262231,-0.026381566485876,0.0018864808905174,-0.3113297168098235,-0.0215745593765989,-0.013122112123984,-0.4521333829433046
7.38,-0.137169,-0.0283529,-0.120753,2.15779,0.115337,0.407092,-0.210434,-0.723989,0,-0.0694463220332489,0.0608393886675872,-0.107024940898707,-0.2146516135949382,-0.2509501832237744,-0.0411308794595073,-0.0065180786990694,-0.2871895369429735,-0.0694463220332489,0.0608393886675872,-0.107024940898707,-0.2146516135949382,-0.2509501832237744,-0.0411308794595073,-0.0065180786990694,-0.2871895369429735
7.381,-0.170381,-0.0588945,-0.225344,1.8692,0.156229,0.413176,-0.227909,-0.578719,0,-0.0929075362538891,0.032673495786758,-0.205093617722637,-0.4527845190405115,-0.1806261214538546,-0.0580533718069262,-0.002107656599674,-0.0285050324424499,-0.0929075362538891,0.032673495786758,-0.205093617722637,-0.4527845190405115,-0.1806261214538546,-0.0580533718069262,-0.002107656599674,-0.0285050324424499
7.382,-0.196979,-0.105202,-0.310119,1.62696,0.179736,0.420469,-0.246951,-0.532332,0,-0.1047601071960191,-0.0114373319935853,-0.2881998750716275,-0.6655315148817533,-0.1120024586584381,-0.0684235688739989,-0.0109316467503618,0.1003859585792045,-0.1047601071960191,-0.0114373319935853,-0.2881998750716275,-0.6655315148817533,-0.1120024586584381,-0.0684235688739989,-0.0109316467503618,0.1003859585792045
7.383,-0.19989,-0.143406,-0.367788,1.48507,0.227691,0.428627,-0.270645,-0.503358,0,-0.0942265871271744,-0.0512706983376984,-0.3457824141705794,-0.7578464671069609,-0.0152195974063273,-0.0739765105034421,-0.0407676761260234,0.1892356153646976,-0.0942265871271744,-0.0512706983376984,-0.3457824141705794,-0.7578464671069609,-0.0152195974063273,-0.0739765105034421,-0.0407676761260234,0.1892356153646976
7.384,-0.201443,-0.145916,-0.390164,1.47079,0.284198,0.439458,-0.295233,-0.40162,0,-0.078310114565616,-0.0545281737769214,-0.3712700539865912,-0.7263755840531628,0.0828139783672035,-0.0718188695608154,-0.0866058654656851,0.3071941219063696,-0.078310114565616,-0.0545281737769214,-0.3712700539865912,-0.7263755840531628,0.0828139783672035,-0.0718188695608154,-0.0866058654656851,0.3071941219063696
7.385,-0.208138,-0.137441,-0.364113,1.30044,0.317041,0.451667,-0.319578,-0.335701,0,-0.0707812818556129,-0.0506482415705097,-0.3477007416881252,-0.8319845246319519,0.1374956401222617,-0.0629770795713507,-0.1489291021052983,0.349731052131528,-0.0707812818556129,-0.0506482415705097,-0.3477007416881252,-0.8319845246319519,0.1374956401222617,-0.0629770795713507,-0.1489291021052983,0.349731052131528
7.386,-0.235446,-0.14504,-0.311334,1.13622,0.355339,0.467659,-0.337742,-0.367695,0,-0.082092426018848,-0.0619709179425651,-0.2980975565439923,-0.9093976534548353,0.1715657860889634,-0.0459608127401668,-0.2150579970005314,0.2587010440570903,-0.082092426018848,-0.0619709179425651,-0.2980975565439923,-0.9093976534548353,0.1715657860889634,-0.0459608127401668,-0.2150579970005314,0.2587010440570903
7.387,-0.234874,-0.153629,-0.221722,1.06123,0.412789,0.488052,-0.347484,-0.330609,0,-0.0705191111207327,-0.0762132121493388,-0.2085581987008143,-0.8806359252144907,0.193344764079006,-0.0180684222831362,-0.281679689496803,0.2040915592521588,-0.0705191111207327,-0.0762132121493388,-0.2085581987008143,-0.8806359252144907,0.193344764079006,-0.0180684222831362,-0.281679689496803,0.2040915592521588
7.388,-0.220137,-0.104139,-0.111712,1.13,0.462034,0.515459,-0.351194,-0.236325,0,-0.0454563486974897,-0.0331599037793995,-0.0972389123190087,-0.6636051665682052,0.1773908873761576,0.0202694331588947,-0.3407669010899089,0.1979839707959016,-0.0454563486974897,-0.0331599037793995,-0.0972389123190087,-0.6636051665682052,0.1773908873761576,0.0202694331588947,-0.3407669010899089,0.1979839707959016
7.389,-0.210976,-0.0290948,-0.0424354,1.36629,0.521366,0.555595,-0.35382,-0.153696,0,-0.0314996937055079,0.0370231468387452,-0.0222336847692576,-0.2692837910337671,0.1471846060272767,0.0785445183807112,-0.3954716911014899,0.1729178125479563,-0.0314996937055079,0.0370231468387452,-0.0222336847692576,-0.2692837910337671,0.1471846060272767,0.0785445183807112,-0.3954716911014899,0.1729178125479563
7.39,-0.214431,-0.0368169,-0.00175804,1.36748,0.582346,0.603352,-0.368835,-0.188029,0,-0.0322842699056546,0.0203248663669964,0.0261955279476848,-0.057361811718684,0.1037573923136092,0.1467304880827088,-0.4489912057966498,0.0557653253940568,-0.0322842699056546,0.0203248663669964,0.0261955279476848,-0.057361811718684,0.1037573923136092,0.1467304880827088,-0.4489912057966498,0.0557653253940568
7.391,-0.210956,-0.0881451,0.00258837,1.24993,0.595869,0.644316,-0.38294,-0.232781,0,-0.030607386130502,-0.0342075982086293,0.0420413123633365,0.0317495847786395,0.0115545583419998,0.2154502890165781,-0.487818916530212,-0.0509330298733763,-0.030607386130502,-0.0342075982086293,0.0420413123633365,0.0317495847786395,0.0115545583419998,0.2154502890165781,-0.487818916530212,-0.0509330298733763
7.392,-0.16747,-0.114932,-0.0180265,1.09653,0.57883,0.660457,-0.399562,-0.224382,0,0.0091526496877441,-0.0726420534272314,0.0340003083489321,0.1272339332661465,-0.1005268966022918,0.2605267074450435,-0.5092815751104562,-0.0561822283174803,0.0091526496877441,-0.0726420534272314,0.0340003083489321,0.1272339332661465,-0.1005268966022918,0.2605267074450435,-0.5092815751104562,-0.0561822283174803
7.393,-0.126678,-0.12597,-0.037295,0.992505,0.540391,0.622262,-0.412408,-0.245972,0,0.0439138743660352,-0.0858446083774872,0.0286591208455168,0.2504679463190762,-0.2082067490515546,0.2580153539690443,-0.5096263178824175,-0.0566189669206832,0.0439138743660352,-0.0858446083774872,0.0286591208455168,0.2504679463190762,-0.2082067490515546,0.2580153539690443,-0.5096263178824175,-0.0566189669206832
7.394,-0.0949021,-0.136762,-0.0651399,0.792693,0.505644,0.565722,-0.411835,-0.452519,0,0.0693837689847308,-0.1111552396745776,0.0141055972573961,0.2955058405667088,-0.2785771625099109,0.2374790001318732,-0.4795735328132873,-0.1925955005427402,0.0693837689847308,-0.1111552396745776,0.0141055972573961,0.2955058405667088,-0.2785771625099109,0.2374790001318732,-0.4795735328132873,-0.1925955005427402
7.395,-0.0555537,-0.140122,-0.107905,0.554256,0.523812,0.508561,-0.399566,-0.851194,0,0.1022153445563468,-0.1173630405209334,-0.0169146574763944,0.2657512766333137,-0.2534813838599331,0.2218451051097364,-0.4253019958143642,-0.4953050796325492,0.1022153445563468,-0.1173630405209334,-0.0169146574763944,0.2657512766333137,-0.2534813838599331,0.2218451051097364,-0.4253019958143642,-0.4953050796325492
7.396,-0.0447179,-0.152584,-0.145408,0.325442,0.545453,0.449056,-0.391363,-1.09994,0,0.108448898382412,-0.1469525922382565,-0.0444653998853328,0.2355017116812415,-0.1834465120199969,0.2037605776609657,-0.3688043525633501,-0.6208718109366154,0.108448898382412,-0.1469525922382565,-0.0444653998853328,0.2355017116812415,-0.1834465120199969,0.2037605776609657,-0.3688043525633501,-0.6208718109366154
7.397,-0.0592414,-0.167775,-0.145417,0.0812036,0.516588,0.355304,-0.366761,-0.961912,0,0.0898795403240615,-0.1675833758719049,-0.0380161035702819,0.1489105951290399,-0.1243170123903987,0.1552890760574288,-0.2935285644606766,-0.3628244528133663,0.0898795403240615,-0.1675833758719049,-0.0380161035702819,0.1489105951290399,-0.1243170123903987,0.1552890760574288,-0.2935285644606766,-0.3628244528133663
7.398,-0.0685463,0.00191562,-0.129365,-0.0581386,0.497418,0.207219,-0.325986,-0.759305,0,0.0800962381477647,-0.0165509388835996,-0.0168593873101832,0.1383835967574703,-0.0258715703145158,0.0524231204950347,-0.2085768147165466,-0.0472957806803543,0.0800962381477647,-0.0165509388835996,-0.0168593873101832,0.1383835967574703,-0.0258715703145158,0.0524231204950347,-0.2085768147165466,-0.0472957806803543
7.399,-0.0562477,0.0928087,-0.127204,-0.0492934,0.490858,0.0156343,-0.290642,-0.777435,0,0.0912666013712045,0.065256407129078,-0.0131743764891658,0.2429737933296827,0.1031110641117936,-0.0919382306519412,-0.1362500733084818,0.0121921394494493,0.0912666013712045,0.065256407129078,-0.0131743764891658,0.2429737933296827,0.1031110641117936,-0.0919382306519412,-0.1362500733084818,0.0121921394494493
7.4,-0.0615546,0.0887791,-0.122816,-0.0156576,0.470964,-0.180624,-0.258047,-0.738772,0,0.0889055689987635,0.0428688337586526,-0.006451847072951,0.340921792989877,0.222819972234387,-0.2406886702075593,-0.0810850151766169,0.0922304356822155,0.0889055689987635,0.0428688337586526,-0.006451847072951,0.340921792989877,0.222819972234387,-0.2406886702075593,-0.0810850151766169,0.0922304356822155
7.401,-0.115973,0.098625,-0.100215,-0.000725594,0.452346,-0.332431,-0.206749,-0.610146,0,0.0339555218650821,0.0403332555226301,0.0165148520589668,0.4039560116081199,0.3324336196344575,-0.3447661802765194,-0.0179215338962495,0.2093076723654773,0.0339555218650821,0.0403332555226301,0.0165148520589668,0.4039560116081199,0.3324336196344575,-0.3447661802765194,-0.0179215338962495,0.2093076723654773
7.402,-0.16898,0.108982,-0.081916,0.0240724,0.412866,-0.406994,-0.117729,-0.560041,0,-0.0160279286951547,0.0344987246494571,0.0389669655344743,0.457679937904186,0.3994783534513715,-0.3709361076014985,0.0699916629952176,0.2019384125482083,-0.0160279286951547,0.0344987246494571,0.0389669655344743,0.457679937904186,0.3994783534513715,-0.3709361076014985,0.0699916629952176,0.2019384125482083
7.403,-0.1487,0.164301,-0.0660339,0.0464197,0.350643,-0.40718,-0.0408442,-0.436106,0,0.0005405787147357,0.0756783647247022,0.0592644359423621,0.509680367371117,0.4108879931713352,-0.3239626976118622,0.1396836590952518,0.2234447882732882,0.0005405787147357,0.0756783647247022,0.0592644359423621,0.509680367371117,0.4108879931713352,-0.3239626976118622,0.1396836590952518,0.2234447882732882
7.404,-0.125623,0.25571,-0.04739,-0.0725194,0.296863,-0.362314,0.0207111,-0.23456,0,0.0226613073932586,0.1541923684292628,0.0884235237985155,0.4198375652521155,0.3967861150312902,-0.2311822465421051,0.1912873451297749,0.2902832289705351,0.0226613073932586,0.1541923684292628,0.0884235237985155,0.4198375652521155,0.3967861150312902,-0.2311822465421051,0.1912873451297749,0.2902832289705351
7.405,-0.152721,0.374523,-0.0279204,-0.402228,0.262045,-0.317194,0.0742122,-0.00530349,0,-0.0143024647159704,0.2592133479444151,0.1201337387252441,0.1272101180979858,0.3664652028603772,-0.1404113185263474,0.2389451029003498,0.3708073214812601,-0.0143024647159704,0.2592133479444151,0.1201337387252441,0.1272101180979858,0.3664652028603772,-0.1404113185263474,0.2389451029003498,0.3708073214812601
7.406,-0.207892,0.410956,-0.0263169,-0.731422,0.231,-0.305476,0.125275,0.127588,0,-0.0768336956902913,0.2859470160566981,0.1404696129493926,-0.1514651843414885,0.3136251101000347,-0.0828122928213384,0.2947851887203697,0.3510022603936694,-0.0768336956902913,0.2859470160566981,0.1404696129493926,-0.1514651843414885,0.3136251101000347,-0.0828122928213384,0.2947851887203697,0.3510022603936694
7.407,-0.203809,0.355423,-0.0379792,-1.02745,0.201253,-0.320448,0.168828,0.237252,0,-0.0891199889360439,0.2187808350844928,0.1490515512431525,-0.3965023411398197,0.2450275330656566,-0.0548482719256409,0.3572281627467371,0.3323078067128084,-0.0891199889360439,0.2187808350844928,0.1490515512431525,-0.3965023411398197,0.2450275330656566,-0.0548482719256409,0.3572281627467371,0.3323078067128084
7.408,-0.144388,0.278413,-0.0609522,-1.35022,0.169244,-0.347588,0.197715,0.241637,0,-0.0428796415941463,0.1338791632383439,0.1509494726902073,-0.6530471758558669,0.1707824914937522,-0.0400850142773651,0.4243797340395197,0.2308878466482207,-0.0428796415941463,0.1338791632383439,0.1509494726902073,-0.6530471758558669,0.1707824914937522,-0.0400850142773651,0.4243797340395197,0.2308878466482207
7.409,-0.0568821,0.211826,-0.0821102,-1.71843,0.127686,-0.369308,0.210143,0.154555,0,0.024495438969155,0.0587217774912528,0.1543473845453378,-0.97370851203619,0.0984559131647757,-0.0232748121284566,0.4932219144270172,0.0876782937548288,0.024495438969155,0.0587217774912528,0.1543473845453378,-0.97370851203619,0.0984559131647757,-0.0232748121284566,0.4932219144270172,0.0876782937548288
7.41,-0.00116867,0.159692,-0.0979463,-2.12432,0.0711,-0.388204,0.213203,0.232449,0,0.0645869541430399,-0.0015173764276379,0.1643809590302438,-1.32777269300199,0.0324963797884522,-0.0064019159962606,0.5703106591493333,0.1416234234687236,0.0645869541430399,-0.0015173764276379,0.1643809590302438,-1.32777269300199,0.0324963797884522,-0.0064019159962606,0.5703106591493333,0.1416234234687236
7.411,0.00754348,0.132458,-0.111147,-2.46439,-0.000126601,-0.391653,0.210966,0.305155,0,0.054003307946379,-0.0341395408275733,0.1742797841557279,-1.6551718176964747,-0.0137379274036206,0.0223152588314392,0.6557454488508685,0.2380674961948227,0.054003307946379,-0.0341395408275733,0.1742797841557279,-1.6551718176964747,-0.0137379274036206,0.0223152588314392,0.6557454488508685,0.2380674961948227
7.412,0.00119478,0.179301,-0.130424,-2.68815,-0.048672,-0.37316,0.209102,0.294092,0,0.0338969464873756,0.0028760799044334,0.1762006928017188,-1.8793866782379367,-0.00402894593899,0.0685831930854712,0.7462005442023671,0.2703417532919238,0.0338969464873756,0.0028760799044334,0.1762006928017188,-1.5831625162532694,-0.00402894593899,0.0685831930854712,0.7462005442023671,0.2703417532919238
7.413,0.0102718,0.21087,-0.15047,-2.75095,-0.0879014,-0.345743,0.208251,0.10323,0,0.0285951314840291,0.0321046922545504,0.1727960792436536,-1.990984091500632,0.053191064550988,0.1200596233306946,0.8403322834052016,0.1409045081985815,0.0285951314840291,0.0321046922545504,0.1727960792436536,-1.5111532148100644,0.053191064550988,0.1200596233306946,0.8403322834052016,0.1409045081985815
7.414,0.0318594,0.192803,-0.165991,-2.79348,-0.110985,-0.323537,0.209657,-0.00494549,0,0.0411627025640043,0.0024018863107534,0.1703560956874605,-2.1097715803671875,0.1508559926379811,0.1610075684409723,0.9223858500282804,0.0863248660043007,0.0411627025640043,0.0024018863107534,0.1703560956874605,-1.439143913366859,0.1508559926379811,0.1610075684409723,0.9223858500282804,0.0863248660043007
7.415,0.0541202,0.111516,-0.18238,-2.69271,-0.0739064,-0.321517,0.189574,-0.062128,0,0.0555011764488689,-0.0781697010020129,0.1622206275015887,-2.123389452439921,0.3281431103686834,0.1779089588581013,0.9736487022205126,0.057901832588856,0.0555011764488689,-0.0781697010020129,0.1622206275015887,-1.3671346119236538,0.3281431103686834,0.1779089588581013,0.9736487022205126,0.057901832588856
7.416,0.0526725,0.0338055,-0.201434,-2.31907,-0.0533407,-0.345322,0.139782,-0.199493,0,0.0497463687604277,-0.1678387345942109,0.1483793159410069,-1.895569734591693,0.4870385488887101,0.1638064088532297,0.964594362104366,-0.0844354134154482,0.0497463687604277,-0.1678387345942109,0.1483793159410069,-1.2951253104804483,0.4870385488887101,0.1638064088532297,0.964594362104366,-0.0844354134154482
7.417,0.0378867,-0.0252837,-0.209087,-1.49113,-0.0783781,-0.389666,0.100934,-0.315367,0,0.0318318914427537,-0.2230140302479252,0.142259242929644,-1.2231160090372435,0.5870957387144093,0.1249482878291667,0.9498969846093686,-0.264647941081567,0.0318318914427537,-0.2230140302479252,0.142259242929644,-1.2231160090372435,0.5870957387144093,0.1249482878291667,0.9498969846093686,-0.264647941081567
7.418,0.0145673,-0.033101,-0.215987,-0.641247,-0.0936168,-0.430661,0.103727,-0.500125,0,0.0061283049437549,-0.2405940527297377,0.1360167031417016,-0.552564850341513,0.6651578266446367,0.085418615754348,0.940700771300033,-0.5555603969451144,0.0061283049437549,-0.2405940527297377,0.1360167031417016,-0.552564850341513,0.6651578266446367,0.085418615754348,0.940700771300033,-0.5555603969451144
7.419,-0.025109,0.0366296,-0.22777,0.192025,-0.136425,-0.450585,0.131737,-0.323001,0,-0.0357014310440297,-0.16368520693184,0.122795095567525,0.1281612458488703,0.6721817490377492,0.0621114493347099,0.9400106119511435,-0.5524816809261914,-0.0357014310440297,-0.16368520693184,0.122795095567525,0.1281612458488703,0.6721817490377492,0.0621114493347099,0.9400106119511435,-0.5524816809261914
7.42,-0.0664756,0.0776222,-0.242865,1.1454,-0.199777,-0.458427,0.157121,0.150398,0,-0.0813733470993892,-0.1276789471979971,0.1078109010013182,0.9183059040517388,0.6093328065807323,0.0485876241443157,0.909100282831422,-0.2782095113325896,-0.0813733470993892,-0.1276789471979971,0.1078109010013182,0.9183059040517388,0.6093328065807323,0.0485876241443157,0.909100282831422,-0.2782095113325896
7.421,-0.0692385,0.0254466,-0.258473,1.64741,-0.259002,-0.460611,0.176456,0.640486,0,-0.0890482875647896,-0.1697443782162203,0.0909563827666541,1.314110636941948,0.4951674642408998,0.0351297049010652,0.8601660683143229,-0.0332075194774248,-0.0890482875647896,-0.1697443782162203,0.0909563827666541,1.314110636941948,0.4951674642408998,0.0351297049010652,0.8601660683143229,-0.0332075194774248
7.422,-0.0393886,-0.00808613,-0.278547,2.12125,-0.338205,-0.462726,0.179747,1.05981,0,-0.0679707924268296,-0.2020089252838213,0.0723728295634068,1.6795672894296094,0.3162485260810896,0.0209598925972501,0.786984915689931,0.1505413757906761,-0.0679707924268296,-0.2020089252838213,0.0723728295634068,1.6795672894296094,0.3162485260810896,0.0209598925972501,0.786984915689931,0.1505413757906761
7.423,-0.00860395,-0.093996,-0.305734,3.28945,-0.444495,-0.475959,0.148602,1.46812,0,-0.0463064258772331,-0.275802618291354,0.0444421722527359,2.810689660030675,0.0679783969277734,-0.0103655089656102,0.6712353494956085,0.3185170887255372,-0.0463064258772331,-0.275802618291354,0.0444421722527359,1.5208150650675296,0.0679783969277734,-0.0103655089656102,0.6712353494956085,0.3185170887255372
7.424,0.0276916,-0.0910733,-0.344379,4.77985,-0.519262,-0.499224,0.0944059,1.87436,0,-0.022846643400175,-0.2657076796943578,0.0069178484939693,4.256440865567768,-0.1694743400068818,-0.0520104651259516,0.5460530432680654,0.5281557006864455,-0.022846643400175,-0.2657076796943578,0.0069178484939693,1.3620628407054496,-0.1694743400068818,-0.0520104651259516,0.5460530432680654,0.5281557006864455
7.425,0.0287464,0.00255673,-0.379683,4.40876,-0.560423,-0.537146,-0.0139108,2.00839,0,-0.0334092216727225,-0.1590654833372964,-0.0317150979291534,3.9112904924620806,-0.3828412787753161,-0.1138919460674042,0.3560778840055713,0.5009807429295472,-0.0334092216727225,-0.1590654833372964,-0.0317150979291534,1.2033106163433698,-0.3828412787753161,-0.1138919460674042,0.3560778840055713,0.5009807429295472
7.426,0.0001354,0.140933,-0.418048,2.86421,-0.555132,-0.586501,-0.185618,1.82966,0,-0.0756172936230772,-0.0095619568330122,-0.0742335443073912,2.361364206760631,-0.5409270714881307,-0.1885603172120981,0.1308313045285677,0.2188326783662149,-0.0756172936230772,-0.0095619568330122,-0.0742335443073912,1.04455839198129,-0.5409270714881307,-0.1885603172120981,0.1308313045285677,0.2188326783662149
7.427,-0.0133968,0.264898,-0.459987,1.32851,-0.547271,-0.629499,-0.417468,1.45616,0,-0.0993402035276749,0.1278147965434593,-0.1270470444875963,0.8858061676192102,-0.6686934216973592,-0.2604947707986823,-0.1754505416810732,-0.2019357492551046,-0.0993402035276749,0.1278147965434593,-0.1270470444875963,0.8858061676192102,-0.6686934216973592,-0.2604947707986823,-0.1754505416810732,-0.2019357492551046
7.428,0.0166587,0.348361,-0.498815,0.178877,-0.560511,-0.661496,-0.67136,0.999163,0,-0.0791073812368805,0.2236847089224767,-0.1809525785994995,-0.274257470455941,-0.7919736920794602,-0.3254146352328773,-0.4751109059237353,-0.6650300453255709,-0.0791073812368805,0.2236847089224767,-0.1809525785994995,-0.274257470455941,-0.7919736920794602,-0.3254146352328773,-0.4751109059237353,-0.6650300453255709
7.429,0.0670117,0.390423,-0.5302,-0.131598,-0.561206,-0.68352,-0.946082,0.779975,0,-0.033532823675363,0.2801356268303636,-0.2348269081914374,-0.522598733305299,-0.8497271098515087,-0.3802688974520111,-0.8297307159986756,-0.8394820863391537,-0.033532823675363,0.2801356268303636,-0.2348269081914374,-0.522598733305299,-0.8497271098515087,-0.3802688974520111,-0.8297307159986756,-0.8394820863391537
7.43,0.0890651,0.362313,-0.545506,-0.00613224,-0.538896,-0.689452,-1.29133,0.940974,0,-0.0140531082368888,0.2633183428582342,-0.2795275305648144,-0.4497942329329243,-0.8672089324202507,-0.4266471192630378,-1.240149622571552,-0.6341216935710724,-0.0140531082368888,0.2633183428582342,-0.2795275305648144,-0.4497942329329243,-0.8672089324202507,-0.4266471192630378,-1.240149622571552,-0.6341216935710724
7.431,0.0893552,0.369513,-0.545923,0.177092,-0.519485,-0.629528,-1.75347,1.03469,0,-0.0112887207730481,0.2873992790164582,-0.3147791714843778,-0.216418938738423,-0.8308048315502106,-0.4019742742193436,-1.8090393207660884,-0.4688094847014031,-0.0112887207730481,0.2873992790164582,-0.3147791714843778,-0.216418938738423,-0.8308048315502106,-0.4019742742193436,-1.8090393207660884,-0.4688094847014031
7.432,0.0772504,0.336811,-0.542525,0.441657,-0.498352,-0.492614,-2.31673,0.953841,0,-0.0180961467421443,0.2636390180797631,-0.3542535945046777,-0.0539373411201986,-0.8076258259716865,-0.3115724884416662,-2.48704972952545,-0.5248090508379751,-0.0180961467421443,0.2636390180797631,-0.3542535945046777,-0.0539373411201986,-0.8076258259716865,-0.3115724884416662,-1.393101869340784,-0.5248090508379751
7.433,0.0205464,0.327289,-0.534256,0.741203,-0.49562,-0.301004,-3.02316,0.76976,0,-0.0664930705365448,0.2752902609904176,-0.3898299569094388,0.2964585500092501,-0.7613267244396493,-0.1558328980981206,-3.3433154214370235,-0.6825871445697865,-0.0664930705365448,0.2752902609904176,-0.3898299569094388,0.2964585500092501,-0.7613267244396493,-0.1558328980981206,-0.9771644179154796,-0.6825871445697865
7.434,-0.0329978,0.40218,-0.519542,0.798053,-0.42857,-0.0956944,-3.89479,0.673809,0,-0.1093620628705396,0.3570488070036596,-0.4265388433164251,0.2299158544155895,-0.7066170446694819,-0.000244615326818,-4.394962154893113,-0.8251251532267132,-0.1093620628705396,0.3570488070036596,-0.4265388433164251,0.2299158544155895,-0.7066170446694819,-0.000244615326818,-0.5612269664901752,-0.8251251532267132
7.435,-0.0224099,0.357729,-0.48929,0.47846,-0.312942,0.0828635,-5.00414,0.640968,0,-0.0885970606799537,0.3391649177987314,-0.4431953551753088,-0.0073717555597059,-0.5839500348895446,0.1435502967161784,-5.696572679611496,-0.9166656120360388,-0.0885970606799537,0.3391649177987314,-0.4431953551753088,-0.0073717555597059,-0.5839500348895446,0.1435502967161784,-0.1452895150648707,-0.9166656120360388
7.436,0.00368507,0.312024,-0.432973,1.40565,-0.0338013,0.297045,-7.29834,0.66047,0,-0.0505960196732229,0.2996428035220436,-0.4400022881644675,0.8245974609812862,-0.3813760552978954,0.3083295777379776,-8.226036161865505,-1.0162421043495755,-0.0505960196732229,0.2996428035220436,-0.4400022881644675,0.8245974609812862,-0.3813760552978954,0.3083295777379776,0.2706479363604337,-1.0162421043495755
7.437,0.0280438,0.192544,-0.353803,1.75558,0.0217767,0.397611,-5.4498,1.09241,0,-0.0185036968276958,0.2115818066168167,-0.4050612965720663,1.3172051057403296,-0.3972835976664044,0.3763115449001354,-6.591631807917778,-0.7131026651048433,-0.0185036968276958,0.2115818066168167,-0.4050612965720663,1.3172051057403296,-0.3972835976664044,0.3763115449001354,0.686585387785738,-0.7131026651048433
7.438,0.0471518,0.0827226,-0.216512,1.16803,-0.0675955,0.474414,2.49969,1.58589,0,0.0102443817503882,0.108804858908329,-0.3168085887641722,0.7082562527499736,-0.6387482980411159,0.4071488881508375,1.1025228392110424,-0.3554927398545944,0.0102443817503882,0.108804858908329,-0.3168085887641722,0.7082562527499736,-0.6387482980411159,0.4071488881508375,1.1025228392110424,-0.3554927398545944
7.439,0.0580209,-0.0327504,-0.0989441,-0.535118,-0.146459,0.524303,6.44102,1.993,0,0.0240893513330765,0.0270995576768097,-0.2378737908889838,-0.7850587062093577,-0.862521539969266,0.4267498585384887,4.842981127589101,-0.0851885477280542,0.0240893513330765,0.0270995576768097,-0.2378737908889838,-0.7850587062093577,-0.862521539969266,0.4267498585384887,1.068485947055234,-0.0851885477280542
7.44,0.102072,-0.200284,-0.00568587,-1.48291,-0.0447967,0.546901,5.09527,2.45193,0,0.0744250925718956,-0.1316186504410198,-0.1870648592870163,-1.6627807643953694,-0.949410555078756,0.4087017439224001,3.269802038820122,0.3075875853484708,0.0744250925718956,-0.1316186504410198,-0.1870648592870163,-1.6627807643953694,-0.949410555078756,0.4087017439224001,1.034449054899426,0.3075875853484708
7.441,0.18281,-0.380014,0.0750775,-1.31927,0.0570976,0.53786,3.98294,2.76585,0,0.154316034376124,-0.2790480577872472,-0.1402448833762192,-1.2469523870496475,-1.0125817235408272,0.3710929215956925,2.0012406682043062,0.5528829756858609,0.154316034376124,-0.2790480577872472,-0.1402448833762192,-1.2469523870496475,-1.0125817235408272,0.3710929215956925,1.0004121627436178,0.5528829756858609
7.442,0.220727,-0.443198,0.153613,-0.88493,0.190876,0.496542,3.11362,2.72595,0,0.1968251297387055,-0.3316587910837712,-0.0986825865559392,-0.6692959348350205,-1.0299531721196515,0.2949712315119499,0.9663752705878096,0.588633107958523,0.1968251297387055,-0.3316587910837712,-0.0986825865559392,-0.6692959348350205,-1.0299531721196515,0.2949712315119499,0.9663752705878096,0.588633107958523
7.443,0.192314,-0.493161,0.234511,-0.806868,0.345954,0.410644,2.21033,2.57054,0,0.1674176428180247,-0.3545837165073637,-0.0505188094655556,-0.343387209233683,-0.9836303802120936,0.1816373946972048,-0.0388567250014385,0.4827945287593979,0.1674176428180247,-0.3545837165073637,-0.0505188094655556,-0.343387209233683,-0.9836303802120936,0.1816373946972048,-0.0388567250014385,0.4827945287593979
7.444,0.176372,-0.424187,0.340105,-0.938568,0.340809,0.290517,2.63115,2.54782,0,0.1574866118843869,-0.2738965273921254,0.020595993407199,-0.3014116853963012,-1.0299832669416855,0.03218398641401,0.2868781595714518,0.6947068084554797,0.1574866118843869,-0.2738965273921254,0.020595993407199,-0.3014116853963012,-1.0299832669416855,0.03218398641401,0.2868781595714518,0.6947068084554797
7.445,0.230783,-0.330447,0.458926,-1.13351,0.282565,0.162424,3.90019,2.45247,0,0.2150841682023528,-0.1606766040691446,0.104737067733471,-0.3010088589482718,-1.0794327701562318,-0.1221269538287648,1.4969008406012767,0.7659858505307033,0.2150841682023528,-0.1606766040691446,0.104737067733471,-0.3010088589482718,-1.0794327701562318,-0.1221269538287648,1.4969008406012767,0.7659858505307033
7.446,0.263089,-0.33442,0.575276,-1.34769,0.289513,0.0547546,4.70055,2.03808,0,0.2572568189436104,-0.1524913044345117,0.186980476306004,-0.357031661314388,-0.970223281142709,-0.2541575179237108,2.259759059091785,0.6939956076090303,0.2572568189436104,-0.1524913044345117,0.186980476306004,-0.357031661314388,-0.970223281142709,-0.2541575179237108,1.378208623818845,0.6939956076090303
7.447,0.24128,-0.353037,0.688362,-1.36588,0.295801,0.098819,5.27441,1.54512,0,0.2453967011602711,-0.1592244988773217,0.2634786956079329,-0.259837441829107,-0.822668627357869,-0.2339869756944812,2.795205269375725,0.4362914874861984,0.2453967011602711,-0.1592244988773217,0.2634786956079329,-0.259837441829107,-0.822668627357869,-0.2339869756944812,1.2595164070364129,0.4362914874861984
7.448,0.143202,-0.37056,0.793951,-1.43718,0.257447,0.27819,5.86835,0.653748,0,0.1610943685178052,-0.1646678346962585,0.3360899492831126,-0.2149427695792882,-0.6391722403905938,-0.0740712888573379,3.387499874824576,-0.1032833715834035,0.1610943685178052,-0.1646678346962585,0.3360899492831126,-0.2149427695792882,-0.6391722403905938,-0.0740712888573379,1.1408241902539809,-0.1032833715834035
7.449,0.0347711,-0.374136,0.889851,-1.72261,0.101521,0.443576,6.30903,-0.381478,0,0.0686186750524705,-0.1619865533455279,0.3978785820154381,-0.4588727978033272,-0.5596131251727645,0.071678373780733,3.79122132255894,-0.9007370857490794,0.0686186750524705,-0.1619865533455279,0.3978785820154381,-0.4588727978033272,-0.5596131251727645,0.071678373780733,1.0221319734715488,-0.9007370857490794
7.45,-0.107156,-0.374066,0.969967,-2.05361,-0.346401,0.562068,6.48513,-1.47075,0,-0.058378799214261,-0.150241614480609,0.449894111237623,-0.7123481199351668,-0.7358148004242087,0.1760544662294031,3.9862553070203774,-1.7282368897102107,-0.058378799214261,-0.150241614480609,0.449894111237623,-0.7123481199351668,-0.7358148004242087,0.1760544662294031,0.9034397566891168,-1.7282368897102107
7.451,-0.252594,-0.361544,1.049,-2.3163,-0.857739,0.619127,6.30576,-1.67649,0,-0.1857482357955926,-0.1340476157840944,0.5047533405609967,-0.9722708585707536,-0.9881412301383796,0.2195924591714068,3.768156686286257,-1.7386542216986332,-0.1857482357955926,-0.1340476157840944,0.5047533405609967,-0.9722708585707536,-0.9881412301383796,0.2195924591714068,0.7847475399066849,-1.7386542216986332
7.452,-0.262275,-0.365933,1.11763,-2.07301,-0.973396,0.628969,5.0163,-1.53465,0,-0.1836149516838348,-0.1274927163255548,0.5550569973308354,-0.6640790416766795,-0.8614039235798827,0.2209117488776172,2.519524245329376,-1.4774613258275486,-0.1836149516838348,-0.1274927163255548,0.5550569973308354,-0.6640790416766795,-0.8614039235798827,0.2209117488776172,0.666055323124253,-1.4774613258275486
7.453,-0.200871,-0.354286,1.13318,-1.13102,-0.105641,0.630446,3.06825,-1.16292,0,-0.1071045329544108,-0.1119806838194995,0.5637870389264565,0.2869819287799602,0.2230627943391121,0.2157076614102819,0.547363106341821,-0.9506932322256842,-0.1071045329544108,-0.1119806838194995,0.5637870389264565,0.2869819287799602,0.2230627943391121,0.2157076614102819,0.547363106341821,-0.9506932322256842
7.454,-0.119071,-0.295523,1.10326,-0.872985,2.3452,0.608939,1.3862,-0.689606,0,-0.020132744619499,-0.0436606236835944,0.5286275960728776,0.6270561518500039,2.841311618846606,0.1907945100728637,-1.0551876112348582,-0.4811754641618362,-0.020132744619499,-0.0436606236835944,0.5286275960728776,0.6270561518500039,0.2914910974077209,0.1907945100728637,-1.0551876112348582,-0.4811754641618362
7.455,-0.0855496,-0.23343,1.01569,-1.12766,5.15547,0.565512,-0.609499,0.417742,0,0.0218073420695591,0.0238950178127278,0.4555412067022097,0.4183992795420865,5.798849855556568,0.1467764850625296,-3.0313921648475235,0.7869319462164829,0.0218073420695591,0.0238950178127278,0.4555412067022097,0.4183992795420865,0.3599194004763297,0.1467764850625296,-1.1310292482215916,0.7869319462164829
7.456,-0.0733456,-0.239079,0.951177,-1.27748,6.01213,0.519703,-1.73658,2.67798,0,0.0315272920293289,0.0253075807742712,0.3985987518488645,0.3800207841987595,6.761525281705123,0.1015171736345262,-4.018109970718444,2.9983472508349034,0.0315272920293289,0.0253075807742712,0.3985987518488645,0.3800207841987595,0.4283477035449385,0.1015171736345262,-1.2068708852083252,0.7669573562405414
7.457,-0.105096,-0.298729,0.919578,-1.62224,6.38419,0.4735,-0.431604,5.00285,0,0.0006922388136425,-0.0276755312089196,0.401361046746063,0.1170402057697623,7.232387567012672,0.0590487627942606,-2.621700998428852,5.548860195751481,0.0006922388136425,-0.0276755312089196,0.401361046746063,0.1170402057697623,0.4967760066135473,0.0590487627942606,-1.2827125221950586,0.7469827662645998
7.458,-0.146779,-0.252683,0.866747,-2.24417,6.18263,0.426505,0.616036,7.26884,0,-0.0492775604499498,0.0215671048837621,0.3650985601113385,-0.3797401968730452,7.13925256727012,0.0152736739049999,-1.358554159181792,7.815336156212757,-0.0492775604499498,0.0215671048837621,0.3650985601113385,-0.3797401968730452,0.5652043096821562,0.0152736739049999,-1.358554159181792,0.7270081762886583
7.459,-0.155522,-0.135722,0.712931,-2.76092,4.12989,0.365642,1.60823,6.66931,0,-0.0625091162315989,0.1446012782339187,0.2593372760381917,-0.811330478413167,5.186343562811901,-0.0393530503159284,-0.1890956840985806,7.537499357229443,-0.0625091162315989,0.1446012782339187,0.2593372760381917,-0.811330478413167,0.633632612750765,-0.0393530503159284,-0.1890956840985806,0.7070335863127168
7.46,-0.176134,-0.0911197,0.492351,-3.13004,2.35126,0.304576,2.83104,5.23756,0,-0.0935324308472543,0.1875483197366743,0.0590380917603516,-1.0784143172451464,3.5957921941595394,-0.0952300554211705,1.3194196028813037,6.214180342398987,-0.0935324308472543,0.1875483197366743,0.0590380917603516,-1.0784143172451464,0.7020609158193738,-0.0952300554211705,1.3194196028813037,0.6870589963367753
7.461,-0.196824,-0.076628,0.147984,-3.50598,2.44519,0.243055,3.19169,3.59536,0,-0.1205353205249334,0.2053941612953256,-0.2318976760457881,-1.411581959491192,3.835013410480349,-0.1490234467503824,1.9331437325402487,4.963828279339343,-0.1205353205249334,0.2053941612953256,-0.2318976760457881,-1.411581959491192,0.7704892188879826,-0.1490234467503824,1.9331437325402487,0.6670844063608338
7.462,-0.232919,-0.0768441,-0.273895,-3.75665,2.37123,0.176634,2.24338,1.52482,0,-0.1656024533082234,0.1986972242703868,-0.6336693125200096,-1.6215924960998542,4.07473177150306,-0.2080436416720955,1.312989493074404,3.100669934249576,-0.1656024533082234,0.1986972242703868,-0.6336693125200096,-1.6215924960998542,0.8389175219565914,-0.2080436416720955,1.312989493074404,0.6471098163848923
7.463,-0.272694,-0.102456,-0.508031,-3.34698,0.321638,0.117127,0.465036,-1.33253,0,-0.2106008512720592,0.1722381529827947,-0.8160456024045899,-1.245450982794865,2.226415067470532,-0.2582205515137967,-0.1680377923028349,0.6271352264089507,-0.2106008512720592,0.1722381529827947,-0.8160456024045899,-1.245450982794865,0.9073458250252002,-0.2582205515137967,-0.1680377923028349,0.6271352264089507
7.464,-0.223099,-0.0972645,-0.118412,-2.54513,-1.35173,0.0576695,-0.414332,-3.59876,0,-0.1669544198462215,0.1674015386095986,-0.4067135614288028,-0.4827997825158033,0.975774128093809,-0.3071325945711833,-0.7185927761478448,-1.4023731086588396,-0.1669544198462215,0.1674015386095986,-0.4067135614288028,-0.4827997825158033,0.975774128093809,-0.3071325945711833,-0.7185927761478448,-1.4023731086588396
7.465,-0.148575,-0.126472,0.228603,-1.67223,-4.02452,0.00582287,-0.469742,-5.22534,0,-0.0959380176683964,0.1329300376341894,-0.0126900606732352,0.2771660455635833,-1.4751302213418267,-0.3472077278300672,-0.4708824475787591,-2.747597806534471,-0.0959380176683964,0.1329300376341894,-0.0126900606732352,0.2771660455635833,-1.4751302213418267,-0.3472077278300672,-0.4708824475787591,-1.354430499327956
7.466,-0.111967,-0.134718,0.219828,-0.938522,-7.20551,-0.0390369,-0.624568,-7.18865,0,-0.0633736954479348,0.1133824507812488,0.0016169169811914,0.9037996652244664,-4.205404501797803,-0.3775134246139038,-0.3335827426737642,-4.536605523241123,-0.0633736954479348,0.1133824507812488,0.0016169169811914,0.9037996652244664,-1.27079666435065,-0.3775134246139038,-0.3335827426737642,-1.3064878899970729
7.467,-0.10122,-0.164459,0.116325,-0.247862,-6.52758,-0.0881115,-0.868694,-9.11,0,-0.0563118192294629,0.0749621665473255,-0.0586698046166743,1.4317664555364362,-3.351897118626333,-0.4116099106974175,-0.2946542586476159,-6.342244565892616,-0.0563118192294629,0.0749621665473255,-0.0586698046166743,1.4317664555364362,-1.066463107359473,-0.4116099106974175,-0.2946542586476159,-1.2585452806661894
7.468,-0.0773839,-0.173443,0.0645406,-0.0960622,-7.29255,-0.12905,-1.01259,-10.1683,0,-0.037757807900614,0.055847856586933,-0.0791264891182189,1.444456771754935,-3.749678112190977,-0.4339979928528155,-0.1999241404242386,-7.354706597406659,-0.037757807900614,0.055847856586933,-0.0791264891182189,1.444456771754935,-0.8621295503682961,-0.4339979928528155,-0.1999241404242386,-1.2106026713353062
7.469,-0.0240206,-0.0645019,-0.00814939,-0.106542,-9.30348,-0.14843,-0.599035,-9.76887,0,0.0084915602179866,0.1542324737323154,-0.1100006411762882,1.2681596955987169,-5.695791098155599,-0.4351725898386976,0.4729582660860645,-7.004839541443977,0.0084915602179866,0.1542324737323154,-0.1100006411762882,1.2681596955987169,-0.6577959933771192,-0.4351725898386976,0.4729582660860645,-1.1626600620044227
7.47,0.010415,-0.0327022,-0.0550173,0.162806,-11.3455,-0.1292,-0.360571,-9.24402,0,0.0330433626469353,0.1786835513376142,-0.1148041378950147,1.4066854605177317,-7.54532553503535,-0.3946022135800756,0.9043736538901306,-6.571248908110798,0.0330433626469353,0.1786835513376142,-0.1148041378950147,1.4066854605177317,-0.4534624363859423,-0.3946022135800756,0.9043736538901306,-1.1147174526735393
7.471,0.0204586,-0.103053,0.0178416,0.233841,-11.5768,-0.0818035,-0.769651,-9.11391,0,0.0299766169384003,0.0970820924335816,-0.0003556298358825,1.3486021792542733,-7.853414196634163,-0.3265727066166509,0.7454935250976669,-6.591742955835983,0.0299766169384003,0.0970820924335816,-0.0003556298358825,1.3486021792542733,-0.2491288793947654,-0.3265727066166509,0.7454935250976669,-1.066774843342656
7.472,0.0271143,-0.173625,0.0940274,-0.035927,-9.50333,-0.0232908,-1.40791,-8.63446,0,0.0205456587562861,0.0219386453838257,0.1265305997011747,0.9802540315794978,-5.792434286648598,-0.2458806765275979,0.2779101178497716,-6.29258950863407,0.0205456587562861,0.0219386453838257,0.1265305997011747,0.9802540315794978,-0.0447953224035886,-0.2458806765275979,0.2779101178497716,-1.0188322340117728
7.473,0.0180481,-0.229548,0.0696439,-0.310662,-6.9378,0.0457066,-1.87158,-6.65325,0,-0.0078233791113532,-0.0458208898997746,0.1418004159084758,0.6270516398288264,-3.42600515696195,-0.1548953424572796,0.0725695255460729,-4.469481171252777,-0.0078233791113532,-0.0458208898997746,0.1418004159084758,0.6270516398288264,0.1595382345875882,-0.1548953424572796,0.0725695255460729,-0.9708896246808894
7.474,0.0458213,-0.280076,-0.0915163,-0.526889,-5.64111,0.098309,-2.27181,-2.91142,0,-0.0011324319907263,-0.0998614832623423,0.0332702981247972,0.3405176683408202,-2.3032532646882338,-0.0810104251579947,-0.1578797358365414,-0.922947015350006,-0.0011324319907263,-0.0998614832623423,0.0332702981247972,0.3405176683408202,0.363871791578765,-0.0810104251579947,-0.1578797358365414,-0.922947015350006
7.475,0.0909256,-0.328966,-0.250095,-0.922248,-4.89385,0.144083,-3.12636,-0.912658,0,0.0211162310542757,-0.1620373565547342,-0.0920170338814059,-0.0994536709018005,-1.8183781737421096,-0.0124723930503196,-0.7428493332171313,0.9841292065881078,0.0211162310542757,-0.1620373565547342,-0.0920170338814059,-0.0994536709018005,0.5682053485699421,-0.0124723930503196,-0.7428493332171313,0.9841292065881078
7.476,0.11655,-0.341901,-0.361085,-1.23861,-2.05729,0.199819,-3.32981,-1.42538,0,0.0242895352984285,-0.1800424908093859,-0.1574754951861325,-0.4854240385503725,0.7725389055611189,0.0630616107067392,-0.7733764315944845,0.3204505378043221,0.0242895352984285,-0.1800424908093859,-0.1574754951861325,-0.4854240385503725,0.7725389055611189,0.0630616107067392,-0.7733764315944845,0.3204505378043221
7.477,0.124437,-0.262702,-0.363412,-1.07984,-0.562359,0.264283,-3.92681,-1.88664,0,0.0102010266984501,-0.1166593534769698,-0.1378931077873861,-0.3731337365180598,2.007305198340612,0.1514813286027518,-1.1088921350771228,-0.1521139393936033,0.0102010266984501,-0.1166593534769698,-0.1378931077873861,-0.3731337365180598,0.9650356329379146,0.1514813286027518,-1.1088921350771228,-0.1521139393936033
7.478,0.0581406,-0.164928,-0.371888,-0.770514,-1.18261,0.320746,-4.7221,-1.90211,0,-0.0755702638754005,-0.0278115708751773,-0.1155158973319255,-0.1662842599359391,1.1575323603147103,0.2271920452518529,-1.7467189588126346,-0.2602383630877477,-0.0755702638754005,-0.0278115708751773,-0.1155158973319255,-0.1662842599359391,1.1575323603147103,0.2271920452518529,-1.7467189588126346,-0.2602383630877477
7.479,0.0220115,-0.0731867,-0.457759,-0.800709,-1.5691,0.39167,-5.24295,-1.73738,0,-0.1286394494862369,0.0452186788894902,-0.1936365327550898,-0.2780041360854653,0.5497027960723686,0.3245403276569358,-2.05100832888006,-0.0801881175527511,-0.1286394494862369,0.0452186788894902,-0.1936365327550898,-0.2780041360854653,0.5497027960723686,0.3245403276569358,-1.7383063989197003,-0.0801881175527511
7.48,0.0908389,-0.0625001,-0.559847,-0.716161,-2.38706,0.516823,-5.30384,-0.097497,0,-0.0733309866438697,0.0421590548826429,-0.2827013530345945,-0.3474836634309652,-0.4402429307854899,0.470348476365138,-2.00309898426374,1.495577826204689,-0.0733309866438697,0.0421590548826429,-0.2827013530345945,-0.3474836634309652,-0.4402429307854899,0.470348476365138,-1.7298938390267664,1.495577826204689
7.481,0.186435,-0.0947906,-0.603307,-0.445294,-2.78378,0.577629,-5.15558,1.44124,0,0.0123763269682202,-0.0109347364456915,-0.3315998868310603,-0.2050642416857631,-1.0319590539140626,0.5613824558364244,-1.7214812791338323,2.98655378566888,0.0123763269682202,-0.0109347364456915,-0.3315998868310603,-0.2050642416857631,-1.0319590539140626,0.5613824558364244,-1.7214812791338323,1.5784044406410342
7.482,0.29926,-0.117731,-0.549646,-0.0839959,-3.08508,0.568805,-4.88502,1.80584,0,0.1180194443087939,-0.0518143966433513,-0.280818906375827,-0.0407989927236826,-1.4679599959307463,0.5764283332130521,-1.4209759209831825,3.269417759715417,0.1180194443087939,-0.0518143966433513,-0.280818906375827,-0.0407989927236826,-1.4679599959307463,0.5764283332130521,-1.4209759209831825,1.6612310550773794
7.483,0.39045,-0.146535,-0.488413,0.179368,-2.88947,0.526801,-4.092,2.3228,0,0.2055476984098554,-0.1017541803392354,-0.2339765519103572,0.0632513474473155,-1.4938200161260355,0.5687634561247997,-0.5992694437978888,3.599370147187672,0.2055476984098554,-0.1017541803392354,-0.2339765519103572,0.0632513474473155,-1.4938200161260355,0.5687634561247997,-0.5992694437978888,1.7440576695137249
7.484,0.410378,-0.17937,-0.557072,0.378096,-2.64746,0.469136,-3.36178,4.09113,0,0.222469144410315,-0.1549061222811095,-0.3161174749693893,0.0554605440791277,-1.4118339492652023,0.5385846337863549,0.0715099862528229,5.238794841849687,0.222469144410315,-0.1549061222811095,-0.3161174749693893,0.0554605440791277,-1.4118339492652023,0.5385846337863549,0.0715099862528229,1.8268842839500696
7.485,0.389164,-0.201149,-0.607233,0.37914,-2.81002,0.322506,-3.05518,5.76717,0,0.2007993398777295,-0.1961109861587845,-0.3844605107190962,-0.0985558109319532,-1.884410275572528,0.4290083947122775,0.307211457164857,6.568055016221104,0.2007993398777295,-0.1961109861587845,-0.3844605107190962,-0.0985558109319532,-1.2400055015879352,0.4290083947122775,0.307211457164857,1.909710898386415
7.486,0.365164,-0.208882,-0.574242,0.377764,-2.63993,0.186802,-2.84682,6.61145,0,0.1746031079481741,-0.2244375327926122,-0.3701774148491763,-0.2735687995729536,-1.963969729563196,0.3229474806276857,0.3820835084987444,7.245075710052613,0.1746031079481741,-0.2244375327926122,-0.3701774148491763,-0.2735687995729536,-1.068177053910668,0.3229474806276857,0.3820835084987444,1.9925375128227605
7.487,0.340993,-0.202947,-0.412317,0.362283,-1.14,0.118282,-2.57454,6.94315,0,0.1497613423869916,-0.2348247696516563,-0.2270224911988784,-0.4047784569512235,-0.8963486062334008,0.2913695130407985,0.511464376487968,7.119367806523901,0.1497613423869916,-0.2348247696516563,-0.2270224911988784,-0.4047784569512235,-0.8963486062334008,0.2913695130407985,0.511464376487968,2.075364127259105
7.488,0.329538,-0.132774,-0.171034,0.399983,0.590107,0.0323713,-2.25582,4.92743,0,0.1344258106602599,-0.1841327936194928,-0.0069797089141435,-0.477398740853606,0.4688272130600827,0.2345781314064684,0.6562581435243193,4.9413196452958745,0.1344258106602599,-0.1841327936194928,-0.0069797089141435,-0.477398740853606,0.4688272130600827,0.2345781314064684,0.6562581435243193,2.1581907416954507
7.489,0.319836,-0.00567169,-0.0128929,0.690768,1.89225,-0.0805754,-2.30085,2.69975,0,0.1220583647745765,-0.0701919950828789,0.1315187155129347,-0.2463033018437178,1.236546634599275,0.155331751826071,0.4316545763480778,2.241017356131796,0.1220583647745765,-0.0701919950828789,0.1315187155129347,-0.2463033018437178,1.236546634599275,0.155331751826071,0.4316545763480778,2.241017356131796
7.49,0.284705,0.0723467,0.136729,0.922124,2.59445,-0.23356,-2.18561,-0.117103,0,0.0813491198257278,-0.010430165123628,0.2564729845554991,-0.0577775235645434,1.4901431245875845,0.028392273082112,0.3676991144890768,-0.6811746913708379,0.0813491198257278,-0.010430165123628,0.2564729845554991,-0.0577775235645434,1.4901431245875845,0.028392273082112,0.3676991144890768,-0.6811746913708379
7.491,0.242763,0.0797611,0.253595,0.767118,2.96233,-0.430312,-1.77596,-2.46917,0,0.0356579406427455,-0.0143759762605848,0.3494108009526954,-0.2259802003502229,1.2933432133104403,-0.1400801856917672,0.5864953490848556,-3.4242862302178727,0.0356579406427455,-0.0143759762605848,0.3494108009526954,-0.2259802003502229,1.2933432133104403,-0.1400801856917672,0.5864953490848556,-0.7673223959902722
7.492,0.199488,0.0865017,0.268192,0.720405,3.91905,-0.531899,-1.21688,-4.36914,0,-0.0122722238532802,-0.0257688089769535,0.3326605958417346,-0.2709623643987127,1.7929853844380643,-0.2199168626167034,0.9806715142979432,-5.341027756625572,-0.0122722238532802,-0.0257688089769535,0.3326605958417346,-0.2709623643987127,1.31848375441217,-0.2199168626167034,0.9806715142979432,-0.8534701006097065
7.493,0.15113,0.135109,0.236274,0.902633,6.01021,-0.568199,-0.568868,-5.06258,0,-0.0623738958554674,0.0110758055243763,0.2682372529674651,-0.0850380728118521,3.384499482206107,-0.2338072892853765,1.431145623832515,-6.287902714110817,-0.0623738958554674,0.0110758055243763,0.2682372529674651,-0.0850380728118521,1.3436242955138995,-0.2338072892853765,1.431145623832515,-0.9396178052291408
7.494,0.136309,0.279576,0.20134,1.07563,8.05459,-0.576123,-0.647335,-5.24379,0,-0.0770403259020667,0.1359831964518413,0.1925162992527719,0.0972473890966292,5.047091387296741,-0.2236487110338895,1.1979743347555454,-6.403281424694678,-0.0770403259020667,0.1359831964518413,0.1925162992527719,0.0972473890966292,1.3687648366156293,-0.2236487110338895,1.1979743347555454,-1.0257655098485752
7.495,0.124962,0.365046,0.259711,0.893218,9.19782,-0.540257,-1.39685,-4.68786,0,-0.0845954506135596,0.2074519835304013,0.2075882510679011,-0.0970590602902675,5.835071223094822,-0.1700621100985684,0.2292707573444892,-5.968436795650265,-0.0845954506135596,0.2074519835304013,0.2075882510679011,-0.0970590602902675,1.393905377717359,-0.1700621100985684,0.2292707573444892,-1.1119132144680095
7.496,0.130122,0.379725,0.351853,0.68654,9.01583,-0.546196,-1.15817,-2.96806,0,-0.0714715161283706,0.2002891740673579,0.2500490847828255,-0.3179184650511324,5.399481261043721,-0.1597528791421996,0.3003591507920995,-4.14042626461063,-0.0714715161283706,0.2002891740673579,0.2500490847828255,-0.3179184650511324,1.4190459188190885,-0.1597528791421996,0.3003591507920995,-1.1980609190874438
7.497,0.140208,0.401913,0.379391,0.953048,8.22316,-0.568827,-0.186489,-0.0659243,0,-0.0501313213738945,0.2058210211790287,0.2253216445320083,-0.0963748453673863,4.425240730309143,-0.1676995355894895,1.0096326377287768,-1.2842086237068782,-0.0501313213738945,0.2058210211790287,0.2253216445320083,-0.0963748453673863,1.4441864599208185,-0.1676995355894895,1.0096326377287768,-1.2842086237068782
7.498,0.130308,0.429571,0.474196,1.21385,7.65704,-0.556616,-0.389642,1.95595,0,-0.0439392761050877,0.2098692275604962,0.266388645589144,0.1178520495751461,3.7318267919916153,-0.1395722856091315,0.6002874246178573,0.8358802429252163,-0.0439392761050877,0.2098692275604962,0.266388645589144,0.1178520495751461,1.469327001022548,-0.1395722856091315,0.6002874246178573,0.8358802429252163
7.499,0.113146,0.45238,0.575707,1.41194,6.66756,-0.576688,-0.310093,3.43869,0,-0.0433284847410542,0.2147119941208524,0.3121319380321096,0.2447260081157478,2.704190778181669,-0.147333662425249,0.3645744476619791,2.272084682978793,-0.0433284847410542,0.2147119941208524,0.3121319380321096,0.2447260081157478,1.4944675421242777,-0.147333662425249,0.3645744476619791,2.272084682978793
7.5,0.0862905,0.46999,0.574259,1.59858,5.78123,-0.639836,-0.0348879,4.61385,0,-0.0487421422668784,0.2088818473692774,0.2604022947348128,0.3698536056981547,1.767629588957671,-0.1951127881161326,0.3841359938673375,3.4991288034559087,-0.0487421422668784,0.2088818473692774,0.2604022947348128,0.3698536056981547,1.5196080832260073,-0.1951127881161326,0.3841359938673375,2.1311761603452077
7.501,0.0505704,0.450251,0.600844,1.78963,5.52258,-0.772679,-0.0304853,4.55465,0,-0.0637514916904489,0.1724938735183374,0.2343150983416279,0.4897785589157489,1.5447486243277369,-0.3191536643137356,0.0343679811610252,3.337211223773238,-0.0637514916904489,0.1724938735183374,0.2343150983416279,0.4897785589157489,1.5447486243277369,-0.3191536643137356,0.0343679811610252,1.9902676377116213
7.502,-0.0180106,0.427428,0.624253,1.78328,4.43945,-0.835966,0.128933,4.62632,0,-0.1101366101689103,0.1290272370537013,0.2178178676601555,0.4405810131632598,0.424434255699067,-0.3699683462975258,-0.0982725123054825,3.4139478238045395,-0.1101366101689103,0.1290272370537013,0.2178178676601555,0.4405810131632598,0.424434255699067,-0.3699683462975258,-0.0982725123054825,1.849359115078036
7.503,-0.0491332,0.428953,0.594235,1.68862,3.20447,-0.713122,0.458891,5.19994,0,-0.1221716088453356,0.1179160670416561,0.1428208445814073,0.3050115177910401,-0.7725447633540922,-0.2444205210311846,-0.1242216470837718,3.820646619778313,-0.1221716088453356,0.1179160670416561,0.1428208445814073,0.3050115177910401,-0.7725447633540922,-0.2444205210311846,-0.1242216470837718,1.7084505924444502
7.504,-0.0555009,0.442118,0.550143,1.4481,2.60082,-0.651106,1.05054,4.78828,0,-0.1096911176547289,0.1153836369632739,0.0724594852220071,0.0715041007632949,-1.4401755153586089,-0.1763279238867455,0.1717837932325437,3.404321983248052,-0.1096911176547289,0.1153836369632739,0.0724594852220071,0.0715041007632949,-1.4401755153586089,-0.1763279238867455,0.1717837932325437,1.5675420698108644
7.505,-0.0560645,0.416893,0.558613,1.16722,1.66564,-0.625549,1.91621,4.51888,0,-0.0961175978275425,0.0830365246789941,0.0443580801986727,-0.2037160816069341,-2.374516549854664,-0.1567513629616177,0.7268263064933909,2.946020661079646,-0.0961175978275425,0.0830365246789941,0.0443580801986727,-0.2037160816069341,-1.4233108700560817,-0.1567513629616177,0.7268263064933909,1.4266335471772789
7.506,-0.0402805,0.350896,0.593702,1.14984,1.00852,-0.548551,2.34901,2.81793,0,-0.0663680628398645,0.0069883661800975,0.0652463650694671,-0.1523700579080952,-3.1131248736338213,-0.0829658089504223,0.8979991944563067,1.285725024543693,-0.0663680628398645,0.0069883661800975,0.0652463650694671,-0.1523700579080952,-1.406446224753554,-0.0829658089504223,0.8979991944563067,1.285725024543693
7.507,-0.00629509,0.267246,0.610854,1.26938,0.604135,-0.470238,1.47142,0.919719,0,-0.0237250041703877,-0.0786726341144522,0.0515469042303401,0.0125814725490968,-3.5449810088610807,-0.0204241522850353,-0.2080703499953238,-0.7549101689033133,-0.0237250041703877,-0.0786726341144522,0.0515469042303401,0.0125814725490968,-1.3895815794510264,-0.0204241522850353,-0.2080703499953238,-0.7549101689033133
7.508,0.0331534,0.251924,0.533565,1.46796,0.191214,-0.42604,0.145773,0.305956,0,0.0264198375490044,-0.0994493485225802,-0.0329038910827315,0.3277534433128544,-4.00100665186991,0.0104772587953451,-1.737038168379076,-1.2416859361821135,0.0264198375490044,-0.0994493485225802,-0.0329038910827315,0.3277534433128544,-1.3727169341484988,0.0104772587953451,-1.737038168379076,-1.2416859361821135
7.509,0.0868622,0.233897,0.49513,1.5724,0.288763,-0.383146,0.160181,0.29615,0,0.085648049446511,-0.1163781736890123,-0.10004880745259,0.4910609488129521,-3.9123079094644906,0.0290531495453983,-1.858900780114844,-1.2887327966982205,0.085648049446511,-0.1163781736890123,-0.10004880745259,0.4910609488129521,-1.3558522888459714,0.0290531495453983,-1.858900780114844,-1.2887327966982205
7.51,0.15732,0.181034,0.454918,1.52424,1.77595,-0.351545,0.852371,-0.370111,0,0.1670364612742413,-0.1721947000050106,-0.1458642283079185,0.5745387206536415,-2.3562426741274907,0.0391063388945206,-1.3103919568941738,-1.740183796842567,0.1670364612742413,-0.1721947000050106,-0.1458642283079185,0.5745387206536415,-1.3389876435434438,0.0391063388945206,-1.3103919568941738,-1.740183796842567
7.511,0.179899,0.114145,0.385027,1.43383,2.74452,-0.316362,1.55279,-0.840209,0,0.1958091431894849,-0.2372642833126169,-0.2436821991610225,0.52474365631564,-1.3221229982409164,0.0447003124049682,-0.6725442985732427,-2.122269948290645,0.1958091431894849,-0.2372642833126169,-0.2436821991610225,0.52474365631564,-1.3221229982409164,0.0447003124049682,-0.6725442985732427,-2.122269948290645
7.512,0.148921,0.0718431,0.308456,0.813573,2.80631,-0.288921,2.25811,-1.29217,F1,0.1789468304659395,-0.2819041452256575,-0.3271086564143987,0.0152887910988551,-1.0280667336039722,0.0459926790350638,-0.0679136828864378,-2.316843035910529,0.1789468304659395,-0.2819041452256575,-0.3271086564143987,0.0152887910988551,-1.0280667336039722,0.0459926790350638,-0.0679136828864378,-2.316843035910529
7.513,0.0422519,0.084371,0.361286,0.473065,3.06516,-0.26616,2.40125,-1.54427,0,0.0823155946165713,-0.268204353428068,-0.2986672011750654,-0.3229868439546695,-0.5977841440146943,0.037837547918747,0.0510980243409846,-2.38409500703557,0.0823155946165713,-0.268204353428068,-0.2986672011750654,-0.3229868439546695,-0.5977841440146943,0.037837547918747,0.0510980243409846,-2.38409500703557
7.514,-0.130864,0.137629,0.433633,0.419638,3.06758,-0.251784,1.55366,-1.94041,0,-0.073384443607439,-0.2171165986789692,-0.2331246168793393,-0.3083159981245403,-0.2017459064842395,0.0252104627174543,-0.8759208150966685,-2.5551700637789407,-0.073384443607439,-0.2171165986789692,-0.2331246168793393,-0.3083159981245403,-0.2017459064842395,0.0252104627174543,-0.8759208150966685,-2.5551700637789407
7.515,-0.281775,0.195005,0.420695,0.684052,3.56146,-0.25104,-0.0060176,-2.0507,0,-0.2095363759653848,-0.1585951099391034,-0.2606272396716354,-0.0775402709225455,0.5574615056860694,-0.003416738984951,-2.454595512373532,-2.445267740204054,-0.2095363759653848,-0.1585951099391034,-0.2606272396716354,-0.0775402709225455,0.5574615056860694,-0.003416738984951,-1.063859231519941,-2.445267740204054
7.516,-0.349113,0.215696,0.355484,0.752223,2.54553,-0.243534,-0.367517,-2.23057,0,-0.2595594428806296,-0.1384109069116322,-0.3281813626444511,0.0178587971473359,0.0371629801891177,-0.0216484750900825,-2.886184093421051,-2.5020132554027423,-0.2595594428806296,-0.1384109069116322,-0.3281813626444511,0.0178587971473359,0.0371629801891177,-0.0216484750900825,-1.2517976479432138,-2.5020132554027423
7.517,-0.28921,0.224367,0.390193,0.681647,1.61601,-0.223086,-0.146015,-2.68358,0,-0.1818023782387893,-0.1261577997324697,-0.2914198337013066,-0.0981915470623456,-0.5826587797014351,-0.0283854729966546,-2.6916645138310584,-2.763055423945683,-0.1818023782387893,-0.1261577997324697,-0.2914198337013066,-0.0981915470623456,-0.5826587797014351,-0.0283854729966546,-1.4397360643664865,-2.320893464570708
7.518,-0.228516,0.283458,0.501338,0.491204,1.98769,-0.224879,0.970652,-2.05226,0,-0.1093492648138964,-0.0631174895438845,-0.1735148833653806,-0.2802334488716468,0.2943120347787744,-0.0549048987987092,-1.6276744807897592,-2.1397736737386728,-0.1093492648138964,-0.0631174895438845,-0.1735148833653806,-0.2802334488716468,0.2943120347787744,-0.0549048987987092,-1.6276744807897592,-2.1397736737386728
7.519,-0.225704,0.341466,0.63894,0.408679,2.49959,-0.217382,3.40136,-1.77033,0,-0.0885768422720621,0.0040369498141815,-0.0135946941996566,-0.3879077894126706,1.0995206370418078,-0.0738977256862922,0.78367567295867,-1.7297738628397383,-0.0885768422720621,0.0040369498141815,-0.0135946941996566,-0.3879077894126706,1.0995206370418078,-0.0738977256862922,0.78367567295867,-1.7297738628397383
